676
373
912
13
690
309
148
465
52
146
609
628
996
413
909
682
925
664
635
894
602
624
263
679
276
379
363
165
729
99
318
843
878
231
381
479
360
995
139
840
464
243
356
187
917
461
729
717
235
734
293
302
832
39
113
939
610
51
389
310
508
31
328
715
358
12
935
429
467
628
412
246
505
488
976
543
682
853
731
728
663
786
695
322
378
620
208
263
680
771
707
243
811
464
311
997
743
896
744
521
797
731
854
138
341
574
419
165
23
289
964
692
730
551
40
672
384
60
792
37
784
227
666
82
892
918
787
704
397
91
883
380
906
755
638
969
806
683
984
498
723
777
191
131
500
785
527
392
775
315
944
572
598
750
468
933
971
705
939
984
850
136
334
616
951
53
136
355
635
102
137
296
257
910
607
593
635
205
987
474
711
188
123
894
42
552
611
839
504
832
971
220
471
466
244
80
775
91
85
494
959
99
580
190
689
395
820
385
696
667
757
757
301
174
943
794
390
236
579
977
701
152
698
390
400
220
426
381
239
917
992
840
40
42
564
518
819
830
67
557
694
606
816
62
555
551
218
115
639
531
786
112
299
765
400
670
719
300
117
649
808
874
795
16
261
774
465
397
577
734
695
127
890
719
161
578
599
720
245
303
121
296
769
297
582
678
919
293
882
682
983
543
379
567
782
988
368
234
591
51
667
826
879
567
851
899
439
503
124
794
337
196
366
768
628
820
649
705
9
653
394
972
372
520
368
79
743
478
956
326
257
384
465
551
599
534
748
420
826
929
102
442
614
72
218
53
720
409
940
616
932
664
731
220
819
343
41
437
385
638
210
48
100
808
166
861
862
852
910
372
157
982
741
979
38
937
202
878
603
676
1
549
308
366
523
978
804
845
97
327
995
969
894
855
644
314
174
238
176
740
625
345
304
207
690
704
697
74
130
586
225
824
507
657
213
781
979
608
750
945
504
61
347
485
589
290
122
800
752
981
275
296
189
365
809
207
504
494
342
838
973
386
368
591
534
10
531
17
562
843
288
903
578
792
867
139
183
850
539
648
916
726
89
231
215
75
764
532
344
645
175
693
975
844
340
456
74
757
547
628
917
598
753
842
317
980
40
484
614
111
993
544
582
229
971
845
176
173
937
816
942
959
883
514
11
638
920
83
813
519
799
221
50
25
941
502
987
107
76
599
851
98
238
557
957
393
171
262
213
97
157
162
804
91
924
125
206
549
545
27
146
48
179
308
749
829
119
261
949
644
818
254
141
910
508
464
193
545
556
911
186
956
937
784
670
132
66
97
801
708
757
680
449
132
275
416
268
821
272
390
750
266
903
331
496
588
577
324
271
968
588
255
971
716
363
891
224
458
170
788
263
98
895
474
601
742
976
443
247
733
614
570
449
321
175
490
428
241
81
304
159
676
543
778
17
639
217
827
47
815
226
643
649
298
35
331
752
440
317
262
894
273
340
656
203
539
343
91
947
417
85
752
195
443
990
211
148
959
356
459
830
662
643
729
226
478
183
358
345
33
579
583
409
439
631
686
100
4
898
363
789
722
898
528
745
82
510
14
609
825
350
812
830
761
779
538
329
651
719
807
387
472
637
53
660
74
911
144
242
368
266
819
918
697
144
571
87
973
672
111
374
480
353
959
577
19
735
26
479
165
88
265
969
10
559
615
114
681
349
476
78
316
226
930
253
937
76
731
566
840
256
868
694
698
238
158
833
578
383
906
744
454
744
112
34
603
456
116
8
477
616
849
985
282
568
41
665
463
144
842
981
783
726
326
901
468
974
241
800
157
657
198
358
34
340
216
403
560
577
163
780
706
888
169
105
416
5
540
216
346
815
45
239
553
955
683
458
928
259
248
580
640
90
13
581
746
171
886
40
456
662
227
744
197
104
335
424
798
334
279
643
575
637
365
244
79
199
24
262
552
397
320
877
919
596
609
815
262
869
71
575
273
537
1
18
176
466
759
108
905
845
239
103
187
559
539
46
253
316
301
196
581
430
831
963
987
507
674
967
822
341
812
77
815
965
7
699
321
199
129
84
328
987
455
160
629
497
86
233
950
248
571
927
710
515
782
881
273
865
878
66
238
965
938
67
351
743
454
291
77
552
414
874
735
275
177
21
387
151
635
582
312
736
469
965
22
559
431
901
237
949
660
125
139
32
22
798
526
52
338
381
211
57
137
678
89
451
298
34
858
73
500
949
274
300
945
957
172
92
189
235
212
69
278
255
467
435
577
769
511
55
806
567
625
29
878
707
112
899
14
416
467
986
506
417
344
458
243
245
822
404
750
990
490
596
102
31
226
616
506
496
406
745
760
633
414
325
46
765
3
303
750
251
44
348
62
694
628
203
134
663
327
920
486
376
666
253
152
105
478
755
806
537
895
47
709
977
173
344
882
82
402
556
325
727
444
172
487
753
112
726
397
591
666
830
78
165
230
649
900
71
588
215
514
755
148
159
884
289
564
289
729
401
608
929
373
621
420
93
587
731
189
388
549
259
630
972
408
401
406
63
310
578
726
231
910
848
974
161
585
473
116
666
544
305
41
472
10
46
744
684
479
75
436
944
828
294
256
960
696
353
241
486
130
696
610
856
965
111
227
853
795
830
292
41
657
804
962
683
755
432
579
24
664
934
645
18
426
524
510
563
887
729
950
900
440
528
505
152
43
460
455
864
33
481
796
44
785
166
438
416
697
771
102
517
356
810
98
827
964
32
221
336
286
130
503
820
444
77
468
630
851
703
807
992
461
42
131
626
296
1
553
43
915
106
377
958
55
449
99
152
233
452
270
502
453
759
469
77
515
358
847
948
639
61
185
806
239
557
411
562
724
595
882
862
147
266
473
850
372
986
749
564
168
528
19
77
333
379
104
854
486
764
29
846
648
937
647
497
135
669
420
205
524
491
199
763
710
860
842
972
105
346
977
897
80
911
1
253
648
521
695
974
197
679
435
345
815
935
61
973
377
49
921
493
92
323
449
137
666
513
936
195
565
884
814
970
143
211
849
28
534
942
147
436
288
342
765
187
717
134
8
209
764
72
214
205
27
898
958
36
243
357
81
553
149
282
929
563
120
300
484
85
426
335
826
199
243
962
503
524
777
607
934
846
19
745
951
461
638
532
906
584
504
770
600
557
166
696
399
640
345
864
550
923
202
282
651
219
684
83
653
867
712
192
557
39
397
884
188
481
713
629
36
643
266
364
183
762
914
150
743
822
956
204
96
234
563
468
432
736
914
197
747
273
230
511
516
555
541
537
701
590
529
516
622
716
268
228
511
588
4
182
197
112
379
287
514
538
677
135
463
811
712
608
84
789
986
240
277
125
588
666
542
470
114
527
688
115
589
412
127
384
932
739
245
865
53
49
719
56
61
790
362
110
378
549
230
146
779
635
286
39
526
70
850
667
763
334
469
370
322
668
558
746
911
324
395
17
416
948
588
848
726
166
160
939
23
542
767
698
1
295
370
993
801
564
911
346
795
532
130
887
485
443
689
87
939
390
209
555
136
763
642
185
556
428
648
536
119
14
287
618
339
187
394
196
174
405
466
294
572
470
731
866
198
114
380
450
130
986
579
241
591
646
982
185
953
630
959
600
285
165
639
339
727
916
163
707
823
966
269
178
757
334
441
455
97
478
346
579
286
651
260
585
602
427
472
687
722
424
416
81
340
75
431
245
541
244
572
45
707
670
904
46
830
483
9
164
2
492
272
234
722
565
643
73
414
160
175
389
206
21
620
216
590
75
769
614
54
863
16
30
163
157
835
85
847
29
472
529
841
263
186
761
343
936
785
635
925
933
37
219
679
393
789
816
375
358
262
813
135
412
37
882
774
720
722
625
456
671
128
18
815
286
87
907
969
652
691
371
172
910
821
971
980
736
352
797
861
842
263
736
198
753
230
575
463
975
979
393
160
778
749
195
818
932
811
888
907
176
835
526
60
641
293
183
401
175
791
974
87
289
370
501
402
483
397
431
859
791
581
20
825
721
45
131
107
191
152
707
783
687
945
712
342
610
656
265
825
724
725
90
257
663
172
388
103
714
949
970
899
467
129
793
449
460
383
65
217
659
242
721
608
481
30
380
852
37
232
883
116
494
258
107
282
749
244
35
554
87
560
6
686
157
153
660
170
370
752
316
136
776
164
458
112
614
655
547
989
929
401
585
754
149
566
739
580
17
399
877
852
45
68
3
595
548
678
491
530
330
975
440
720
318
831
685
313
795
472
770
442
384
784
682
721
616
741
241
111
732
177
841
144
352
635
664
627
786
28
573
989
55
183
648
361
134
102
725
345
536
998
365
178
141
674
381
645
42
878
442
681
326
603
290
71
867
141
788
22
654
890
373
687
677
521
460
909
136
161
25
533
547
644
885
670
382
728
159
180
1
416
33
477
1
172
209
473
560
845
363
107
996
620
539
456
578
122
621
841
539
132
972
719
378
992
840
380
785
893
398
651
956
734
104
867
607
107
654
335
785
285
917
408
399
804
155
81
476
318
262
676
351
957
963
834
316
322
677
487
825
596
261
936
961
985
927
442
743
847
440
991
801
430
116
7
113
70
248
818
755
108
308
649
107
513
718
726
533
395
995
875
324
179
827
606
627
191
996
307
131
803
86
574
540
86
614
144
233
143
540
153
48
873
141
624
867
989
853
236
479
476
25
356
255
579
464
314
319
584
309
631
224
346
8
712
632
550
151
78
123
158
457
812
73
342
511
271
446
503
692
518
527
617
351
160
794
269
466
429
626
195
909
437
76
60
958
482
668
509
898
190
96
218
378
31
713
808
698
476
912
979
339
622
872
180
885
660
619
435
927
929
61
694
665
644
450
238
717
610
730
197
62
341
336
205
146
63
350
592
922
17
317
265
990
313
672
622
90
357
466
418
875
532
20
484
313
366
188
628
42
920
153
798
730
478
77
837
818
941
449
763
4
480
694
508
508
148
446
518
452
110
926
392
649
90
994
39
738
453
820
431
852
34
552
98
970
493
32
981
673
493
390
99
278
427
288
775
232
803
720
840
207
616
500
305
531
224
22
498
512
286
432
547
676
323
87
389
178
325
67
209
465
604
549
307
751
817
54
924
51
644
921
488
311
147
900
57
625
211
403
501
681
818
780
72
341
109
988
622
679
319
127
611
930
729
636
486
515
673
390
727
717
558
524
65
668
524
602
941
985
122
651
283
799
874
652
49
916
109
324
811
570
833
416
851
539
652
274
844
410
5
128
243
415
22
445
909
598
354
643
323
1
212
706
17
217
687
484
458
907
144
20
686
827
92
822
481
503
505
831
662
930
972
775
439
579
435
689
368
565
510
680
577
19
553
389
399
614
700
225
469
693
81
136
596
646
298
593
494
28
27
509
513
388
308
998
61
961
685
246
330
151
859
285
271
232
927
112
494
791
603
449
937
226
39
377
661
49
983
264
142
822
76
671
727
329
986
370
759
946
981
234
1
275
249
500
603
800
960
835
825
699
633
721
148
968
835
871
181
723
617
836
989
846
392
425
104
185
139
351
457
120
927
295
933
671
738
640
81
238
511
276
711
731
113
209
819
86
689
189
280
128
465
199
223
323
613
460
883
191
231
535
973
91
844
243
303
611
74
343
463
40
311
364
863
255
249
552
342
891
169
609
819
842
692
813
214
990
533
127
956
546
470
134
898
551
347
956
441
877
429
869
936
561
847
953
223
401
172
971
282
536
393
646
541
156
721
631
328
602
619
772
334
821
484
719
709
596
172
524
606
985
378
659
556
147
505
778
51
98
233
636
125
953
483
816
482
931
838
278
981
692
771
319
865
622
234
211
149
293
248
644
21
659
132
130
928
517
951
660
272
358
548
277
275
50
259
657
617
686
49
476
952
570
333
102
198
503
188
116
845
499
26
265
142
558
19
728
143
388
775
969
63
816
790
50
298
148
193
1
769
958
188
723
940
581
360
952
996
124
735
19
179
926
49
484
195
241
216
234
964
359
376
327
692
510
233
652
425
678
609
497
759
890
270
219
377
611
130
524
409
664
859
320
414
459
784
690
949
400
730
310
256
39
99
570
615
923
48
684
293
123
131
376
811
88
101
41
486
837
903
886
781
479
52
225
63
724
689
962
746
329
629
306
675
427
623
954
812
267
845
267
946
207
387
475
205
716
132
571
588
738
938
347
625
21
490
985
512
905
545
714
778
647
525
307
600
544
601
614
377
18
467
903
80
340
954
507
178
841
566
175
666
345
751
543
831
989
446
382
892
813
30
588
618
274
301
438
318
308
545
271
365
705
34
592
543
310
564
581
82
41
716
125
172
749
633
771
136
746
962
475
201
199
540
602
996
653
100
415
462
671
963
191
875
941
240
196
77
227
549
973
785
245
610
780
87
854
410
567
838
981
767
582
677
326
270
546
830
224
550
346
687
992
751
390
396
715
893
52
320
711
545
146
320
834
847
10
229
383
455
544
766
616
445
526
420
785
534
623
498
149
247
783
616
670
825
99
396
926
708
838
49
339
441
21
797
993
705
876
817
132
952
475
488
971
857
119
260
560
343
353
376
283
489
25
15
25
15
464
164
165
357
685
682
335
578
498
549
304
495
552
275
476
408
620
783
173
807
902
886
351
232
708
608
401
255
667
232
426
198
508
898
760
756
544
20
511
199
225
540
601
170
506
296
123
416
317
357
816
962
137
212
134
329
516
138
667
435
407
881
670
685
340
51
53
616
797
247
465
153
619
13
63
181
925
149
119
668
810
805
877
21
46
4
984
689
103
988
362
316
89
777
616
863
609
915
941
229
125
177
16
840
138
399
565
582
391
241
103
217
333
828
870
133
295
748
140
860
187
785
856
310
16
120
60
81
218
468
662
518
619
749
902
415
800
469
278
388
811
922
812
990
443
702
265
568
741
774
324
715
29
542
832
935
491
928
869
784
276
461
830
329
146
776
719
237
953
733
513
180
588
551
835
551
604
990
142
634
415
627
305
523
820
683
758
50
627
724
356
908
309
760
721
976
963
943
117
568
297
101
828
964
54
800
620
113
20
509
106
847
766
691
722
278
336
325
613
333
392
471
915
510
719
939
810
31
580
51
237
525
154
776
366
273
142
215
728
802
716
547
449
350
145
60
145
271
826
803
858
14
917
753
900
662
487
115
556
373
877
516
410
280
989
420
462
528
318
29
334
169
872
327
558
580
550
659
397
915
161
449
663
855
44
213
750
583
139
46
441
479
465
116
92
509
177
544
489
642
749
217
990
949
408
724
579
189
610
618
119
824
230
622
377
385
128
236
376
32
946
466
250
970
304
988
63
92
31
174
955
878
741
807
621
83
814
230
324
215
830
893
590
134
583
985
256
375
89
885
785
943
388
679
617
402
562
874
867
66
64
742
854
953
407
442
786
971
235
172
438
495
73
138
790
81
328
35
431
579
715
83
963
311
859
400
799
311
735
621
502
821
515
252
263
396
595
186
182
988
804
174
805
339
306
826
722
824
278
877
137
704
213
51
5
335
625
844
722
511
7
924
366
555
119
671
191
155
71
584
397
251
221
877
214
446
585
625
977
522
343
257
182
651
10
988
493
799
32
67
264
632
867
325
447
970
123
592
678
453
939
977
913
625
595
900
264
76
298
15
550
658
178
839
675
993
807
11
127
715
967
558
788
915
972
462
767
223
564
131
144
894
318
52
368
988
516
63
530
467
650
164
913
615
79
731
998
703
876
334
605
210
562
78
932
260
261
564
71
129
782
85
988
820
274
660
54
749
396
844
974
503
404
47
323
502
126
269
26
142
617
709
753
659
153
756
646
518
320
196
777
608
197
332
433
915
991
872
675
600
50
101
601
633
872
822
401
225
581
36
608
286
359
104
904
80
490
421
473
30
995
262
158
387
325
485
630
68
203
289
351
539
527
37
378
45
152
448
939
818
531
151
282
208
407
640
529
764
193
202
90
430
259
245
794
949
49
797
3
469
866
601
873
128
194
413
389
76
618
559
972
15
788
789
258
810
350
780
115
170
461
360
91
682
322
710
256
735
142
311
848
978
88
397
208
4
71
18
247
890
659
585
97
75
27
964
633
806
608
755
298
58
29
389
25
376
999
48
56
591
35
267
184
720
302
226
254
646
412
381
759
391
670
127
38
858
191
554
869
950
237
257
241
877
378
345
683
272
324
472
834
473
839
755
849
948
700
903
846
385
537
739
833
394
289
575
462
150
127
584
517
519
980
368
262
404
189
448
631
94
412
268
803
391
615
614
849
149
899
73
8
666
919
250
640
43
886
983
50
239
490
749
190
48
567
745
717
633
58
916
998
575
574
289
441
615
895
590
959
397
880
18
460
564
512
465
26
482
305
191
812
738
880
195
785
304
267
60
130
910
446
57
512
750
682
703
432
122
451
737
566
964
155
716
372
543
338
36
173
771
851
193
654
663
247
549
958
526
693
676
569
321
892
612
788
498
784
990
859
298
317
73
777
171
198
153
371
472
317
689
511
59
529
767
199
757
527
194
848
897
850
589
281
330
469
342
859
338
966
189
649
886
59
478
758
502
120
879
792
884
353
433
876
999
535
337
849
62
545
797
50
286
439
609
569
670
494
873
969
475
468
395
260
186
296
853
337
952
600
821
187
493
666
32
925
417
995
105
107
753
157
93
840
220
408
794
920
476
485
785
602
90
49
505
630
510
469
522
854
640
56
342
76
951
371
717
794
236
952
416
140
201
645
907
645
121
752
138
390
673
366
953
773
886
597
219
364
877
863
880
258
661
75
550
957
868
319
152
11
638
609
384
602
308
365
433
771
786
570
502
229
618
932
135
565
881
999
282
178
964
878
305
454
196
89
854
553
69
172
654
656
487
813
760
696
80
640
768
374
118
360
799
764
983
548
817
909
453
252
984
593
308
547
305
905
866
302
781
326
108
742
651
775
999
800
59
495
448
906
683
684
108
575
432
527
895
115
305
628
633
826
908
874
757
309
922
477
340
868
29
225
33
569
406
37
659
182
930
507
348
110
656
480
67
425
974
638
325
274
58
715
651
283
922
228
165
29
390
541
190
314
782
694
394
759
978
646
386
183
775
494
43
353
150
811
104
926
105
429
721
865
287
878
726
135
434
239
348
267
31
320
998
221
263
928
512
63
438
505
962
135
628
538
702
784
138
974
863
204
797
329
902
634
793
316
115
964
880
566
283
800
416
487
712
148
549
372
986
212
338
625
691
211
271
361
220
751
884
731
501
46
748
994
189
192
55
767
401
784
481
884
555
393
760
15
256
810
629
484
458
500
422
785
324
416
605
888
298
190
974
789
918
702
65
683
798
224
575
781
43
652
230
76
60
817
585
276
380
505
715
735
627
615
597
447
225
829
281
69
766
276
587
522
243
936
200
891
476
944
468
268
165
539
146
674
955
123
614
386
772
789
795
863
510
726
145
912
789
89
561
944
157
314
31
942
562
328
137
228
388
806
300
277
605
439
770
554
856
159
930
810
411
406
454
381
954
811
190
735
118
136
449
960
534
889
514
923
900
828
820
548
255
461
182
34
202
734
908
877
293
343
378
204
176
459
921
332
400
245
415
386
929
200
56
539
565
258
181
680
452
555
845
330
742
963
110
228
348
811
635
280
404
682
219
518
701
845
389
289
898
628
25
159
732
38
228
897
850
995
384
486
68
847
390
310
96
232
553
549
774
922
535
324
890
44
29
342
482
924
569
616
363
874
966
333
245
429
415
107
490
891
215
648
979
570
401
355
33
756
300
470
602
303
203
177
213
677
861
507
232
450
500
969
95
537
389
586
63
905
792
422
919
95
284
732
783
661
26
599
874
553
543
288
632
535
988
566
47
981
638
933
489
747
610
53
538
399
367
655
579
748
633
839
977
512
744
35
672
937
300
818
939
377
226
406
888
158
996
961
978
526
815
725
473
135
25
625
292
303
858
244
150
225
935
916
234
447
575
311
919
141
80
64
176
179
628
872
416
538
331
26
454
326
277
526
191
609
128
751
378
233
925
191
517
79
285
840
564
501
107
740
604
248
228
543
56
812
210
164
322
979
594
304
984
358
493
111
793
761
370
309
749
649
199
872
475
265
986
748
976
717
801
155
601
16
47
744
706
987
702
226
70
87
633
162
591
329
924
242
181
962
329
744
55
69
595
870
793
944
427
286
682
977
276
518
802
783
967
820
299
489
445
754
23
388
535
985
510
703
669
758
862
786
16
74
651
905
278
880
380
721
708
437
426
642
590
637
607
528
475
218
691
625
984
732
240
185
877
616
139
968
374
931
59
687
443
146
865
541
880
872
703
131
507
579
61
455
765
145
649
164
304
558
310
941
905
220
517
682
223
50
240
154
382
61
61
927
423
136
509
670
966
503
461
382
208
808
369
680
567
722
778
94
865
764
290
172
928
387
684
337
868
375
386
610
139
327
837
750
636
310
639
876
747
778
501
341
268
504
142
501
534
568
292
11
934
444
863
458
247
802
147
488
837
966
666
18
845
882
885
813
936
24
571
464
47
960
986
777
843
146
501
668
254
129
420
952
584
518
995
795
123
962
680
206
134
926
630
666
359
205
346
857
911
984
142
550
522
731
814
848
656
383
477
390
895
67
50
599
370
99
273
746
720
87
474
420
234
778
495
971
351
698
352
641
693
743
223
387
121
606
290
841
124
350
833
482
981
486
713
829
765
625
44
402
203
152
428
273
836
410
589
247
707
536
641
113
17
465
484
950
806
590
43
158
725
235
140
760
421
406
815
516
844
233
801
583
70
171
690
738
855
264
56
723
179
764
407
837
532
924
402
772
513
92
192
563
625
96
101
687
788
484
117
587
217
398
822
302
752
737
458
487
673
783
804
818
293
647
410
674
356
760
527
24
374
87
771
661
545
930
128
269
848
990
466
317
217
802
58
471
447
808
18
999
634
96
706
662
498
266
330
705
893
985
995
846
177
522
392
647
888
989
168
198
336
33
777
887
331
475
269
859
213
739
39
928
790
968
48
861
573
371
376
408
886
736
288
938
86
983
169
288
106
346
774
252
986
27
267
180
887
164
413
300
309
573
121
716
902
988
234
523
277
477
141
88
730
282
251
383
605
603
884
166
328
717
435
935
809
423
931
839
986
974
286
149
789
574
582
458
682
14
731
523
254
211
708
548
30
279
348
738
792
224
405
168
227
524
147
377
621
676
280
563
689
236
403
995
334
15
508
15
294
861
272
32
188
914
7
23
412
273
182
360
730
809
358
222
144
213
242
478
822
474
316
663
452
649
142
615
354
212
45
379
101
249
305
278
202
487
423
351
581
454
255
997
237
99
44
287
459
825
461
302
424
209
768
862
808
650
131
181
319
812
941
289
657
993
695
572
515
494
649
400
632
666
977
615
835
532
608
596
217
808
280
724
328
698
571
345
303
48
881
724
357
330
343
92
962
442
672
579
344
503
795
749
610
655
934
481
967
394
460
139
995
88
483
328
856
164
600
64
681
906
679
835
90
931
840
859
952
177
33
834
58
691
745
611
315
580
398
502
459
240
940
409
26
386
991
546
523
451
648
287
317
667
724
626
729
471
755
748
251
951
591
518
579
692
761
11
369
765
91
798
238
549
240
386
571
783
935
59
74
504
661
404
904
535
513
940
410
781
690
622
165
880
875
475
40
692
341
214
518
702
196
547
300
636
573
778
545
541
980
442
753
90
216
974
385
107
481
805
789
201
323
908
929
887
81
483
683
782
326
399
200
310
621
57
921
814
591
511
380
169
903
58
839
771
255
26
140
249
887
145
881
370
448
716
208
394
274
774
15
553
254
586
345
439
510
107
126
806
52
469
156
738
417
202
420
131
67
618
417
231
953
739
150
261
268
199
839
265
832
807
212
947
970
818
441
620
10
524
405
406
743
480
968
451
246
500
421
245
514
631
22
101
250
423
853
464
945
171
832
998
155
287
771
355
478
579
844
78
278
22
677
387
648
557
552
461
447
552
887
405
521
825
248
321
339
555
626
726
387
968
613
165
606
434
413
964
53
479
332
979
748
279
509
666
362
391
152
935
994
831
505
96
801
140
64
640
655
720
330
737
298
566
526
110
720
506
237
358
592
176
921
940
641
275
576
712
768
81
646
375
592
822
388
213
838
246
545
230
647
687
137
164
467
942
577
884
647
568
126
368
225
554
919
784
730
871
384
211
949
135
916
184
762
423
97
543
118
347
562
65
162
618
876
936
315
687
430
444
856
513
394
165
167
149
241
540
350
646
229
974
362
699
472
482
160
591
928
482
615
232
711
545
90
528
617
785
687
878
658
93
85
332
695
613
827
828
964
703
663
975
420
98
251
53
323
176
155
233
432
12
514
576
503
385
245
989
519
29
897
182
236
169
539
636
174
867
167
713
138
736
169
368
737
379
324
346
97
275
652
355
197
922
201
494
795
737
505
91
918
606
23
228
291
994
344
425
869
222
303
360
848
828
473
48
154
971
665
587
419
459
171
456
878
287
488
339
474
575
199
649
664
364
449
216
97
62
243
108
369
210
364
184
519
894
289
786
800
301
906
887
525
894
166
173
471
184
98
756
394
321
747
662
718
598
660
787
323
479
549
775
712
949
599
138
480
834
713
985
176
225
646
943
141
305
608
180
844
672
397
987
561
728
545
20
989
830
285
131
531
664
343
719
542
744
735
635
771
37
727
10
621
443
117
779
601
286
803
328
516
12
370
415
564
9
105
460
427
851
392
355
922
281
928
201
509
932
578
733
202
134
966
776
31
157
110
740
221
873
474
47
685
144
861
374
262
216
440
779
361
5
31
97
331
440
524
476
925
982
875
552
665
5
733
574
817
987
134
723
920
357
78
985
503
405
47
193
720
871
703
287
93
725
31
389
480
134
222
62
668
847
417
959
693
34
255
161
131
127
844
673
94
357
388
907
610
508
173
506
390
845
76
519
736
319
38
773
468
933
185
259
332
557
399
489
267
612
201
89
322
757
705
319
735
131
318
842
906
766
533
796
549
487
906
190
308
7
815
664
524
927
92
921
633
71
22
526
879
893
443
288
658
708
912
166
805
148
992
473
586
559
700
202
981
8
94
405
69
206
781
962
999
918
847
474
61
375
353
726
841
799
70
902
292
369
559
728
858
903
76
791
412
65
10
568
912
106
731
116
115
68
810
923
616
862
521
193
785
832
429
698
839
275
647
368
473
849
57
26
911
987
351
980
246
230
292
748
197
847
986
830
217
264
270
265
970
562
559
713
803
777
614
925
754
793
733
753
16
390
807
321
569
401
535
571
825
993
849
152
751
799
246
566
913
20
320
539
266
610
224
809
350
368
209
948
708
107
640
332
17
27
113
106
394
126
364
836
794
756
689
554
237
405
502
67
847
406
454
739
327
578
304
408
547
688
302
786
386
261
444
427
818
497
354
343
526
937
911
429
977
115
10
139
997
619
984
254
364
870
293
168
833
465
54
867
307
84
879
617
585
837
255
486
223
403
406
954
559
476
167
285
912
826
926
809
239
782
55
933
345
23
629
554
821
384
404
487
487
778
181
703
33
468
722
416
964
627
303
560
662
564
863
768
626
32
453
732
472
754
343
760
301
678
723
408
433
506
405
290
291
706
307
566
441
587
799
167
418
983
164
472
949
771
544
61
666
739
739
141
189
294
132
439
715
135
843
648
911
254
929
33
925
619
71
419
817
434
757
568
571
139
357
926
102
235
897
813
373
533
543
395
801
687
996
190
630
714
63
452
846
744
621
483
500
437
113
837
23
311
449
404
233
768
922
575
244
723
326
39
414
562
971
269
825
629
693
449
492
547
302
383
674
479
100
937
183
839
250
686
586
86
819
752
509
967
234
229
61
956
776
259
558
752
454
515
314
349
296
830
240
611
624
746
422
288
404
989
603
117
85
303
759
951
667
566
507
913
928
843
172
172
805
899
708
286
981
659
546
999
584
334
647
11
777
204
707
523
698
555
504
276
862
918
827
422
662
506
311
777
64
756
754
945
919
932
173
325
579
55
954
275
680
804
909
524
988
644
985
495
217
143
647
376
575
332
669
596
602
25
192
885
549
180
412
251
135
778
204
982
46
185
316
303
938
633
489
376
9
290
41
175
469
368
963
140
321
847
568
657
931
700
77
126
803
942
302
786
815
445
765
547
933
212
183
764
80
725
206
286
409
67
743
128
689
730
958
791
911
438
268
631
497
812
263
617
679
468
502
536
738
927
568
958
772
781
570
277
586
703
577
747
119
216
38
710
531
631
367
164
722
182
286
389
568
186
381
612
633
30
637
588
426
851
344
526
562
72
888
30
327
361
405
565
223
157
193
512
26
645
55
43
804
936
471
902
94
267
619
665
142
226
747
205
716
368
379
911
495
100
124
655
459
379
623
642
8
605
302
45
778
37
169
765
241
262
813
748
220
459
178
37
373
728
411
137
591
303
287
341
945
267
286
363
556
280
383
16
252
932
25
691
414
540
547
70
751
605
502
865
45
704
995
363
102
265
120
194
250
548
41
90
692
165
76
321
998
632
397
145
770
786
588
890
288
368
366
195
548
716
241
557
640
314
707
558
883
864
898
57
436
708
248
199
408
629
834
283
612
515
531
443
210
948
30
585
427
490
49
229
443
337
800
748
310
58
865
982
467
341
173
352
11
998
682
449
385
34
715
469
556
220
639
66
93
452
700
911
732
152
413
703
207
116
830
487
102
495
403
847
470
40
903
963
780
385
59
587
520
852
131
695
460
216
661
951
111
947
6
142
430
643
80
447
170
797
922
703
572
551
349
883
294
819
943
599
565
988
67
800
545
449
428
756
809
349
958
97
667
312
408
881
774
321
124
684
86
634
914
210
797
359
797
245
295
292
670
617
536
719
642
434
508
141
827
50
586
308
908
104
674
519
667
502
990
879
976
381
230
79
454
963
638
339
118
676
200
320
855
82
779
182
500
975
505
493
604
463
157
326
742
963
593
750
343
841
482
868
579
844
763
700
807
561
249
531
427
919
779
746
784
88
126
818
912
265
659
873
528
495
409
144
640
83
731
758
543
143
278
465
790
571
331
362
914
2
846
177
302
376
762
386
631
327
227
299
733
980
358
251
543
645
136
217
66
586
784
483
913
251
734
498
33
348
930
654
707
689
713
555
743
19
10
270
79
904
878
172
682
353
728
253
704
34
682
168
364
837
630
916
891
48
479
712
203
599
3
565
660
686
472
65
395
556
930
128
195
404
596
761
868
148
370
461
360
291
821
503
594
235
374
213
202
151
620
292
819
982
803
409
606
218
588
557
10
833
147
134
546
211
440
305
572
883
340
967
591
681
901
563
629
245
644
60
602
852
193
632
428
243
997
5
793
431
137
916
163
506
425
890
579
75
94
358
270
302
381
173
891
482
230
737
488
686
128
285
881
313
856
357
257
308
523
101
195
397
817
897
219
944
830
668
237
928
182
434
915
102
404
843
103
619
712
914
936
269
376
727
104
5
847
591
117
636
697
53
69
363
211
203
549
392
154
900
833
953
854
899
465
905
217
405
602
542
736
197
315
377
839
346
112
402
181
483
557
816
569
748
769
263
299
825
992
385
583
913
173
902
603
123
661
479
512
503
733
356
314
858
642
110
166
586
269
925
99
970
267
418
527
788
800
468
222
619
577
405
612
926
926
661
343
869
54
218
90
797
492
199
468
547
948
564
745
996
456
129
771
803
730
88
157
907
133
793
292
141
484
796
220
280
248
69
736
943
286
859
349
20
463
877
868
748
868
369
498
87
321
153
243
816
127
898
349
656
762
752
259
732
263
923
285
937
653
984
765
86
615
459
9
273
1
738
720
490
481
476
926
449
775
406
641
446
489
947
652
327
512
62
820
848
297
584
254
208
136
603
559
124
696
619
98
579
669
806
903
303
404
194
402
119
740
513
617
504
102
205
880
127
101
398
382
644
518
667
63
754
545
28
469
359
608
955
182
688
918
160
358
426
128
474
716
188
144
506
53
195
158
616
971
609
451
399
78
809
378
71
303
817
202
80
395
215
135
827
847
125
26
561
723
265
614
447
867
671
171
266
7
389
661
446
91
347
242
921
25
644
56
854
643
711
773
374
357
139
288
303
429
494
281
336
223
104
130
207
108
618
754
217
920
141
578
877
992
861
728
542
841
403
932
657
493
565
398
628
323
737
90
395
996
27
417
505
808
58
345
851
241
482
327
267
57
462
244
863
616
798
792
321
404
866
298
356
932
307
54
237
284
180
601
522
580
390
293
164
539
286
667
764
159
727
817
0
216
341
15
223
956
353
256
796
867
183
325
976
867
907
180
87
581
842
197
239
659
730
835
111
228
443
833
154
642
701
898
119
672
11
168
991
157
952
444
245
922
945
279
854
460
864
555
622
474
196
100
210
886
980
218
727
321
396
755
837
397
740
478
141
379
474
61
16
876
174
989
187
308
529
988
48
791
947
409
163
975
965
151
431
76
410
296
109
43
173
606
278
359
542
455
334
423
270
530
809
890
930
892
140
577
672
557
998
781
184
805
476
917
512
845
703
428
430
293
446
779
180
163
871
228
775
712
913
719
498
546
644
947
889
832
623
109
309
331
439
358
99
255
586
284
488
605
357
15
637
736
651
715
651
395
481
265
942
360
482
961
83
118
902
875
155
727
411
368
652
115
559
880
204
596
850
781
725
312
228
514
123
636
239
724
361
309
225
339
498
239
727
823
304
443
674
942
194
542
43
422
529
638
415
799
738
108
266
664
386
83
876
182
22
927
460
507
584
35
511
218
213
666
356
411
555
313
611
458
11
350
573
699
960
270
588
584
654
892
51
814
357
299
62
95
316
147
675
976
297
172
324
111
784
427
294
962
374
769
15
631
575
640
579
6
996
986
100
885
861
484
448
60
894
884
471
624
882
375
990
896
643
376
762
467
703
29
122
791
709
0
196
677
497
876
414
787
796
581
570
959
711
734
801
756
516
831
686
167
796
416
132
770
634
200
819
17
369
196
774
498
438
500
66
175
958
311
712
638
968
139
631
333
740
926
868
606
154
986
410
134
888
233
582
976
115
187
429
65
450
613
476
410
143
469
988
673
884
41
145
69
143
747
584
726
656
148
391
740
545
68
942
175
538
633
953
159
966
209
742
35
504
927
939
288
128
470
878
543
374
317
425
517
815
463
316
216
580
917
912
36
877
956
898
663
730
201
620
863
563
61
668
265
838
993
803
274
689
326
547
90
374
105
560
607
420
526
455
661
532
48
841
699
685
210
189
425
356
487
602
425
486
297
660
49
621
369
326
92
635
280
308
909
607
896
361
668
672
829
787
367
173
781
771
85
997
854
239
722
765
438
687
106
478
325
749
935
253
65
331
499
62
394
817
487
750
765
191
494
143
629
913
5
796
146
50
775
728
402
462
484
566
82
819
483
650
745
834
261
977
541
393
981
368
205
177
66
856
677
978
354
99
518
161
783
560
592
594
901
327
139
985
788
680
464
720
87
941
943
214
959
742
952
287
710
526
626
282
741
39
53
464
261
579
634
747
865
982
854
957
723
674
645
622
591
639
832
778
288
826
926
376
591
320
644
676
738
605
100
422
826
390
576
710
477
733
130
189
36
679
80
649
450
219
577
98
712
142
69
169
433
274
422
32
648
666
906
56
451
540
4
125
453
164
250
855
283
400
889
965
627
351
196
699
318
386
697
521
61
854
377
244
238
954
211
402
88
538
962
946
269
153
304
259
432
200
711
117
987
946
489
422
677
27
536
477
917
213
146
105
124
460
217
152
419
697
721
755
139
357
220
333
593
422
452
381
355
601
787
49
186
342
420
945
357
549
708
760
761
248
981
149
692
963
484
725
586
200
872
190
334
323
771
363
8
4
548
333
958
661
304
45
285
502
548
359
639
315
720
49
119
699
942
252
842
238
953
608
375
988
157
677
810
776
132
283
734
3
736
94
719
39
152
92
253
862
835
596
211
265
349
135
86
822
492
797
171
836
954
635
841
617
993
338
850
818
246
634
322
991
863
876
721
187
588
780
636
214
298
606
650
123
766
920
908
574
86
663
274
31
312
461
92
136
306
986
679
168
729
695
611
281
376
475
757
28
799
550
827
791
233
513
838
885
405
481
563
501
705
209
479
127
529
443
177
793
374
914
505
282
364
171
919
443
482
866
684
883
712
207
568
597
672
33
634
559
88
389
579
892
630
493
826
4
221
769
227
996
917
926
815
716
855
141
503
80
547
57
34
644
51
665
723
992
107
131
788
152
395
276
111
167
475
744
300
926
798
835
839
517
438
623
918
741
815
244
252
842
751
181
864
207
651
963
282
526
451
932
117
911
288
652
271
528
463
88
310
586
406
881
714
951
814
945
740
203
20
127
641
704
991
851
869
141
10
511
629
18
254
883
918
815
980
974
696
849
952
524
424
414
104
866
548
427
135
951
867
644
902
136
929
481
32
755
734
623
107
598
56
894
172
166
639
308
60
960
381
827
217
140
349
124
303
598
166
562
800
860
840
661
301
256
610
598
916
503
744
607
457
148
518
766
679
357
798
294
864
162
745
375
478
596
159
521
448
119
910
671
851
331
696
524
454
306
114
115
609
733
637
256
421
725
655
266
34
336
153
373
97
775
965
267
176
842
781
547
957
326
279
226
568
7
768
35
252
379
757
996
909
450
711
620
766
784
47
132
499
450
118
330
705
715
545
33
502
90
727
584
398
861
817
561
311
294
720
648
728
537
939
626
597
631
184
555
474
180
733
535
803
927
436
879
999
925
146
109
176
43
71
12
933
231
246
834
607
402
850
831
809
752
597
586
840
74
796
907
804
923
969
670
856
528
94
644
22
954
656
225
478
366
682
0
994
197
860
231
492
627
630
679
314
99
904
670
845
491
667
938
597
180
243
581
719
470
494
407
177
763
519
58
520
410
709
569
222
398
157
428
103
892
496
780
197
197
221
159
765
863
405
999
841
531
537
250
816
578
872
592
96
801
311
122
779
183
308
884
653
231
730
293
520
528
900
328
47
901
291
339
847
34
461
460
475
475
840
924
402
699
967
4
761
319
561
917
876
578
626
812
146
984
405
852
851
316
598
489
834
250
699
271
838
563
733
885
454
184
910
707
279
366
938
822
879
937
829
323
598
844
29
723
77
216
627
490
582
765
196
13
908
650
563
815
640
821
430
460
54
506
289
382
759
703
537
835
503
461
31
244
187
310
590
539
264
380
98
414
159
658
943
100
242
325
489
896
212
338
169
670
434
226
562
505
884
593
522
931
902
954
14
508
856
359
813
37
160
714
665
358
833
829
778
513
932
3
772
29
722
404
337
225
447
563
871
728
889
85
334
839
688
48
381
7
578
651
620
403
279
361
458
541
753
205
618
943
945
865
843
83
950
920
699
234
695
931
682
388
918
55
6
118
180
516
567
98
107
598
580
30
891
754
278
876
299
92
909
625
115
731
970
311
945
489
249
639
842
939
790
342
991
118
340
392
36
88
162
242
261
86
391
574
945
244
233
431
684
705
415
198
386
504
211
612
926
773
319
883
174
650
588
41
219
791
325
845
117
515
490
908
447
449
609
251
263
982
628
129
785
962
262
823
318
865
610
56
433
85
938
844
406
85
577
874
268
901
801
956
612
892
429
709
442
695
635
392
971
47
101
714
238
516
236
545
824
214
649
651
735
244
435
8
743
976
129
741
81
247
382
490
413
221
491
806
419
975
941
245
180
826
10
956
780
42
322
909
176
862
952
369
481
666
296
895
191
772
498
895
836
514
624
737
730
233
146
546
226
310
555
24
929
643
74
109
836
773
502
823
246
472
227
410
600
721
272
741
113
895
89
17
166
430
445
3
970
448
393
366
916
566
789
214
360
642
257
616
364
285
797
674
4
754
473
730
463
325
734
417
42
241
962
555
625
179
793
346
857
500
594
929
523
672
225
120
161
915
908
74
944
534
559
689
269
407
430
802
275
790
280
612
740
942
599
304
404
61
563
565
802
701
539
527
92
100
941
670
243
881
149
435
117
145
21
552
700
310
273
647
739
927
593
258
504
362
921
240
295
408
769
446
525
858
778
723
957
585
999
469
682
916
509
468
979
944
83
268
50
964
570
95
952
389
542
205
732
360
541
601
905
737
961
242
933
340
196
249
268
98
169
95
898
235
817
467
19
744
362
276
655
187
477
311
562
273
546
150
725
790
284
225
130
167
897
419
233
397
833
146
770
73
917
657
91
21
336
207
214
386
485
815
190
54
189
567
170
967
175
813
755
257
949
128
860
80
457
641
311
729
965
167
833
878
633
593
928
802
151
153
363
19
629
536
658
89
644
256
982
249
9
362
365
122
319
337
954
29
816
13
353
297
426
417
729
539
112
722
473
86
810
917
685
640
320
368
641
713
466
169
717
637
742
94
938
758
425
977
450
902
861
568
713
398
186
251
157
713
288
547
376
237
206
970
656
880
474
633
799
926
174
11
754
985
542
357
500
52
59
602
34
330
860
5
40
978
170
418
29
916
214
808
306
605
719
592
99
39
693
406
613
259
624
175
541
335
655
730
783
163
537
777
753
353
384
682
646
198
342
457
492
989
292
279
635
908
605
91
528
372
805
137
383
962
714
758
243
13
262
449
531
527
710
910
983
326
469
853
133
257
23
346
208
829
758
826
371
862
627
251
736
624
663
505
478
447
334
839
651
977
584
81
65
107
229
341
646
83
44
155
260
455
470
390
881
358
410
702
346
57
949
45
638
822
186
542
829
980
563
990
332
418
241
457
88
905
56
666
673
348
591
353
67
509
698
374
41
748
591
105
651
92
274
593
360
302
652
991
678
626
124
54
30
610
858
842
746
710
227
328
719
395
72
323
249
126
560
954
65
895
420
977
316
951
225
367
580
4
246
923
578
435
79
163
325
2
920
365
938
109
866
446
134
960
92
297
775
816
69
303
458
143
274
55
247
635
989
653
121
1
849
602
632
893
784
7
533
575
878
697
874
738
445
899
173
403
320
348
761
961
971
11
385
256
520
173
412
41
204
257
789
289
85
594
0
608
84
358
858
433
509
975
889
787
299
658
465
115
159
129
594
130
575
222
442
644
495
816
274
92
94
461
464
825
616
139
640
254
771
835
800
658
518
981
495
757
389
371
730
187
664
867
302
651
827
37
693
833
738
918
476
118
858
236
446
806
682
760
304
765
274
932
802
405
397
565
697
463
313
194
740
311
710
599
176
425
631
158
939
194
471
917
775
483
308
694
36
213
898
127
790
775
617
280
159
250
533
329
553
289
568
874
541
950
412
658
644
992
431
781
256
911
331
57
227
468
756
802
387
594
297
175
435
312
619
177
168
793
559
544
976
696
67
85
912
745
796
420
389
853
29
742
764
208
352
936
623
400
155
336
588
96
625
466
865
740
338
348
533
501
967
337
803
972
896
8
88
175
712
287
728
34
666
915
663
821
195
311
170
31
480
89
8
760
882
803
990
953
776
975
18
811
959
110
99
239
332
164
721
472
9
927
226
904
346
855
506
725
632
150
429
168
372
332
886
48
120
93
251
812
831
962
348
476
557
219
715
710
101
498
95
780
953
768
574
244
407
695
730
103
274
930
499
553
22
519
171
637
483
465
118
843
492
457
366
166
957
903
104
191
893
714
598
563
892
731
709
560
352
291
435
571
555
195
449
995
311
245
614
448
505
632
838
180
292
623
434
313
139
459
376
835
128
853
431
273
178
222
186
657
921
618
408
654
961
351
5
746
197
459
109
937
649
504
429
749
8
656
87
215
718
666
607
152
960
131
576
255
338
373
800
450
415
412
408
507
516
722
487
135
351
914
283
631
108
55
931
722
612
59
938
379
56
469
401
259
549
18
15
912
486
529
458
36
276
73
688
891
509
851
985
444
47
880
337
911
839
436
899
201
470
162
826
123
614
897
700
387
568
576
191
114
1
986
301
8
907
802
777
394
475
52
805
40
298
104
135
51
868
338
154
162
792
889
225
423
563
248
840
634
967
35
727
858
439
984
78
25
749
3
507
905
431
210
142
755
246
13
550
502
824
609
778
650
332
784
897
15
635
508
864
973
988
632
390
185
703
945
765
628
609
925
292
340
355
834
26
516
796
172
50
430
742
115
358
221
341
275
789
738
234
34
80
504
423
693
310
334
467
959
440
308
231
558
655
614
915
360
497
223
507
0
539
501
99
856
492
629
763
201
195
137
791
478
871
961
133
964
440
155
838
528
401
823
122
781
9
865
455
700
45
883
730
715
451
919
112
333
526
776
689
579
153
311
368
963
754
466
803
193
279
776
279
552
543
764
629
753
682
926
223
45
292
982
991
556
88
708
283
156
556
900
54
622
101
10
520
514
691
532
962
968
830
504
777
570
977
377
266
562
198
51
853
919
928
126
635
230
213
252
190
914
677
18
589
17
780
985
396
726
646
322
241
795
824
996
262
248
904
624
281
121
802
888
99
478
896
910
708
626
889
81
531
286
475
620
22
438
388
586
97
703
398
150
888
434
180
663
277
119
733
505
492
310
245
701
813
60
825
56
101
769
569
904
423
407
777
607
527
321
980
612
284
222
599
238
529
480
721
335
895
573
459
625
355
374
803
847
178
993
715
788
929
34
440
899
938
480
650
489
421
882
126
406
33
171
81
721
183
199
145
171
888
94
280
8
289
570
563
496
190
641
873
464
178
596
11
246
903
643
643
825
122
390
812
208
943
216
420
900
522
607
235
818
148
752
473
169
256
56
947
606
389
707
96
456
586
147
957
915
942
82
289
913
342
684
592
751
490
737
742
749
385
805
326
828
355
940
512
427
583
47
494
148
839
788
104
278
785
844
205
702
770
395
849
736
541
948
994
113
635
996
785
668
543
563
24
312
895
365
444
477
37
200
884
577
362
172
229
967
685
526
279
512
737
206
309
155
625
727
170
808
680
571
209
490
706
152
169
857
30
284
509
203
151
266
219
559
18
894
347
716
114
168
888
902
621
32
630
345
897
200
805
144
376
29
150
735
792
426
52
683
315
999
11
749
800
984
552
941
837
33
61
748
706
587
771
861
673
391
243
494
259
702
264
816
277
851
38
113
435
158
878
55
270
592
443
832
24
224
662
978
798
270
140
449
37
405
783
846
911
175
794
745
660
489
999
755
347
615
650
282
749
619
488
949
299
913
857
314
105
388
86
803
64
683
198
749
14
252
237
73
665
257
146
382
797
767
200
229
818
415
422
850
344
414
317
953
855
823
486
18
892
48
395
153
463
805
633
750
512
229
497
51
368
357
623
282
63
953
701
188
295
546
11
633
583
563
617
440
861
684
618
793
376
849
724
345
218
921
811
607
263
610
818
364
601
158
506
598
752
203
133
868
114
423
98
158
98
838
919
968
381
91
717
835
513
650
548
493
926
622
496
656
991
806
435
713
389
671
781
707
505
178
323
634
944
762
455
416
555
340
747
952
537
872
792
251
305
920
714
989
796
606
541
797
802
569
905
200
743
846
140
403
12
67
953
81
651
8
248
870
660
335
588
564
677
315
24
879
118
385
713
220
125
732
821
121
822
452
699
862
455
437
222
336
962
856
462
385
398
6
604
711
429
340
108
904
797
670
637
353
263
922
217
546
32
317
412
790
83
516
41
462
140
120
113
703
242
851
195
897
3
936
412
357
695
451
613
405
207
878
17
425
817
707
850
524
437
693
34
171
661
289
1
519
532
850
93
198
389
444
812
996
548
481
390
215
874
928
768
495
450
565
86
525
701
605
218
379
295
5
728
210
65
971
831
599
28
484
633
197
289
138
938
183
233
261
390
679
977
29
565
512
473
282
926
584
5
823
192
727
78
264
797
65
872
898
563
849
480
638
642
203
128
815
68
435
481
505
958
392
872
92
533
858
46
992
647
102
560
799
430
553
502
651
987
987
621
244
843
784
240
806
964
539
593
258
719
798
299
981
147
745
797
867
210
419
429
808
514
461
768
353
157
429
514
63
919
448
940
982
28
322
456
721
125
288
317
920
834
242
880
169
573
634
123
102
853
218
290
987
314
495
675
76
197
995
521
923
780
520
946
90
521
71
613
972
331
490
587
944
434
754
464
693
726
466
368
372
411
331
879
166
981
306
293
982
247
673
867
223
255
507
872
14
365
865
326
866
712
579
289
437
525
689
439
993
528
413
456
166
734
48
441
850
468
335
181
401
407
650
575
832
706
824
961
369
84
550
388
542
823
79
110
988
246
368
701
254
146
915
232
218
40
280
889
157
869
676
267
122
958
95
318
45
618
127
603
901
773
20
63
340
390
545
987
437
277
928
260
581
47
439
226
89
635
225
722
798
790
642
923
792
392
637
656
387
271
694
721
696
438
504
626
408
304
755
808
898
490
419
97
430
313
480
665
2
876
277
192
325
971
587
291
560
687
84
515
660
684
52
409
635
590
102
161
572
874
154
363
29
853
154
267
279
196
817
731
924
385
187
725
618
159
970
858
973
838
403
921
252
796
859
819
105
81
568
605
448
317
545
543
553
583
307
260
559
928
21
83
899
518
474
591
619
232
674
282
122
635
937
980
681
899
34
303
952
199
352
39
805
511
32
789
27
549
760
606
829
783
203
611
632
80
87
819
328
567
571
463
35
690
883
108
403
326
136
795
697
6
880
233
183
989
211
797
863
926
205
729
202
385
28
452
320
289
316
371
41
664
342
877
326
717
14
515
860
382
994
452
985
932
96
443
753
186
616
462
598
99
490
57
26
270
960
254
738
995
953
555
834
18
546
141
87
59
653
935
784
532
588
540
303
612
241
450
435
938
406
82
418
812
219
375
805
689
774
688
567
142
701
699
308
243
930
847
37
466
897
607
746
833
178
574
926
978
898
858
258
229
312
807
923
580
600
435
378
676
311
209
985
488
840
69
578
439
5
628
916
126
90
509
961
621
681
703
136
604
270
635
980
183
827
341
153
333
543
809
348
351
477
69
491
566
134
36
509
820
859
494
127
939
545
835
338
442
309
350
675
291
721
911
947
320
651
889
852
324
9
0
756
485
503
584
994
905
991
496
207
583
224
397
639
50
522
733
782
240
440
98
452
909
561
16
210
44
378
360
996
284
612
791
9
303
448
639
144
492
880
539
757
29
794
65
127
624
448
278
745
791
751
828
503
491
79
780
887
396
444
815
558
819
462
861
54
551
956
458
915
490
988
368
216
937
794
68
367
876
393
711
30
385
601
109
199
571
836
71
780
51
317
169
531
71
266
633
812
799
255
612
440
202
129
469
849
188
797
153
885
348
788
917
840
763
658
831
703
776
195
595
239
560
940
141
197
616
678
386
846
4
421
285
90
288
912
27
616
630
788
810
852
438
409
156
82
302
777
98
679
666
109
936
274
853
423
452
650
618
896
606
292
321
875
783
811
232
144
597
918
208
485
106
225
179
591
46
916
447
133
360
250
824
157
851
921
982
983
280
563
236
513
601
37
158
140
301
703
53
497
24
580
333
907
751
148
266
705
794
562
399
602
808
204
202
831
813
854
121
142
953
211
272
611
347
144
490
849
930
858
278
419
611
94
503
187
432
597
336
883
676
345
45
386
4
455
704
74
808
255
809
164
906
742
78
114
603
528
416
996
928
439
153
291
535
107
175
643
382
270
495
992
771
1
148
897
773
749
32
59
375
922
452
751
878
695
708
385
264
884
968
444
223
14
107
840
521
159
888
96
207
740
95
852
940
229
777
887
342
622
775
233
902
634
69
983
362
772
321
74
965
864
175
676
184
141
475
803
757
675
638
434
963
844
766
718
59
490
995
823
724
610
752
599
171
770
283
511
307
859
837
219
943
502
366
804
628
196
457
835
66
201
493
432
479
334
691
997
501
61
789
524
356
705
600
255
150
168
579
999
65
295
836
591
139
894
735
821
87
464
337
670
322
897
473
818
932
768
138
225
864
338
261
34
990
63
615
175
36
242
790
820
596
395
714
296
556
121
149
108
316
463
948
534
120
272
665
592
674
658
232
289
958
382
58
759
828
962
846
251
553
345
851
993
914
217
87
621
866
428
205
187
60
533
388
805
697
177
600
591
307
865
990
902
31
728
56
840
911
14
433
575
492
387
796
378
787
587
440
135
265
650
543
727
66
669
985
925
98
43
874
308
6
244
596
326
253
431
298
786
755
615
196
977
507
691
999
119
692
363
38
35
580
890
405
798
341
601
516
558
597
369
18
962
96
541
930
344
449
373
177
355
241
661
483
813
158
116
679
334
10
964
71
749
626
444
443
378
673
127
667
7
364
463
623
808
878
537
345
487
76
808
868
683
750
501
251
995
207
417
642
61
479
133
63
779
814
978
779
104
386
699
755
869
386
430
709
712
702
444
699
506
459
172
18
662
553
148
415
283
157
860
278
448
893
960
523
804
2
957
316
282
357
255
691
951
634
413
350
964
293
549
628
93
271
127
677
572
449
734
435
821
52
84
813
193
53
156
849
26
609
318
295
138
276
300
193
427
484
79
545
347
328
113
79
861
261
867
480
961
650
221
158
918
517
222
798
244
965
567
480
769
963
401
108
322
162
241
259
254
384
361
338
454
258
514
86
559
242
671
89
774
921
357
907
89
54
255
864
731
296
951
303
331
917
121
355
668
124
969
875
826
776
448
194
255
386
642
799
555
316
699
870
733
966
885
826
341
584
637
716
169
66
994
299
78
696
400
154
195
371
693
986
893
259
22
617
917
190
547
762
552
362
51
832
965
67
0
464
705
243
151
376
891
604
581
457
795
9
839
700
361
480
23
710
718
15
747
26
866
900
331
440
566
759
64
811
888
973
58
623
27
423
28
688
747
749
319
917
283
407
647
78
572
905
301
803
487
473
11
874
110
322
298
2
147
376
864
902
334
34
535
445
0
72
310
59
44
293
307
378
211
882
820
317
931
740
186
378
974
231
913
21
802
914
345
343
856
799
169
149
931
591
233
752
455
228
461
457
738
689
152
753
211
733
562
704
250
733
487
866
447
222
502
358
61
111
610
366
984
810
341
472
735
615
736
641
891
824
239
661
876
998
247
70
228
663
967
343
300
548
245
237
835
135
268
674
37
900
368
512
529
127
688
858
108
592
125
319
267
725
801
756
290
90
285
624
120
144
944
962
315
278
66
461
135
84
880
784
229
644
174
534
421
375
13
793
849
661
930
199
34
22
75
878
539
91
33
383
505
17
393
976
752
206
707
227
75
526
176
899
53
159
262
527
990
325
420
947
571
4
338
239
424
580
368
216
99
89
351
639
858
351
632
792
291
821
902
909
22
431
401
245
658
40
186
207
696
373
362
107
334
481
656
530
982
828
238
254
811
77
463
916
865
551
76
374
93
78
453
780
150
699
699
939
996
234
721
440
98
271
945
364
526
521
13
143
358
805
597
272
565
162
480
117
16
711
159
50
302
912
559
477
842
832
849
111
135
864
3
20
79
107
478
547
988
255
322
214
339
454
88
90
250
6
164
930
455
224
516
569
802
998
399
720
359
848
256
272
832
310
929
693
321
540
276
906
399
907
486
287
135
165
689
69
944
533
955
482
82
635
407
417
222
770
965
276
747
457
189
941
345
527
799
444
27
281
713
48
900
433
859
905
919
569
583
353
353
876
239
245
899
750
394
369
191
675
147
176
999
475
272
514
504
625
214
15
897
821
522
122
982
404
949
452
607
583
270
370
510
579
869
181
606
993
266
304
839
694
64
178
466
491
224
386
27
693
221
693
347
414
345
252
608
148
380
241
901
702
932
578
711
43
933
153
455
7
222
262
560
99
645
485
520
794
843
327
86
874
707
331
987
311
539
221
597
136
99
857
569
547
47
459
709
233
780
578
346
520
289
757
6
468
469
711
462
532
253
97
130
689
46
632
343
238
224
410
255
618
833
747
986
652
254
774
161
623
283
324
174
440
6
330
353
947
841
97
685
139
385
326
943
615
995
672
831
131
588
978
250
515
800
60
916
515
465
50
313
398
368
871
431
223
346
365
797
765
127
975
84
0
725
631
971
907
838
682
980
112
436
297
747
553
661
741
551
888
232
336
950
902
776
708
53
469
898
146
315
993
339
485
720
371
295
987
884
675
782
74
906
727
993
638
784
651
736
868
797
324
361
192
580
343
91
992
516
787
286
165
666
559
967
541
727
547
898
354
392
212
602
724
37
423
956
108
906
562
454
244
808
965
773
944
886
738
6
445
191
896
853
687
647
509
59
47
476
281
605
547
318
561
539
493
82
279
794
828
40
756
69
239
774
593
622
175
408
118
843
514
936
983
586
551
601
522
559
361
986
456
494
355
911
348
441
10
262
992
303
373
629
561
610
881
958
919
659
476
495
973
327
770
949
310
289
238
166
673
888
15
584
0
639
917
414
857
165
702
777
104
405
456
10
548
94
195
978
131
842
438
490
956
605
561
864
69
13
174
283
441
774
675
815
56
352
342
884
347
215
66
532
486
200
859
44
174
985
793
349
683
207
907
178
833
516
918
102
493
735
297
453
978
340
362
608
401
669
584
254
638
643
205
112
66
270
622
995
662
898
720
264
344
976
473
474
681
109
707
467
204
279
857
239
616
433
914
680
119
90
558
658
930
192
598
5
816
228
475
663
144
558
538
632
488
925
222
368
340
421
33
997
828
496
483
21
634
210
705
205
511
570
520
991
876
692
138
72
980
521
523
761
50
10
673
366
640
997
732
117
112
488
892
62
846
693
491
0
269
970
608
717
273
757
681
729
916
708
401
278
552
482
181
544
739
77
0
916
269
167
318
685
713
623
73
712
703
305
442
459
978
234
213
279
911
481
85
1
841
431
180
659
17
631
360
694
394
65
690
58
834
554
534
440
472
934
317
274
165
824
953
258
952
84
293
889
408
492
730
898
629
825
261
547
322
227
896
443
155
725
295
926
75
789
914
92
779
92
715
206
921
978
754
598
877
740
515
140
146
454
938
47
511
26
454
47
115
72
241
958
509
456
93
303
557
626
972
887
791
355
362
189
446
153
1
19
950
397
415
139
76
178
977
425
304
982
866
756
222
557
397
969
925
768
677
156
470
808
450
52
376
839
262
481
101
74
834
661
137
306
604
657
132
116
937
428
979
353
436
740
380
970
94
649
747
988
796
418
662
179
815
480
316
33
482
512
494
730
187
764
691
109
239
550
905
99
848
188
492
655
709
758
220
46
232
745
325
218
445
30
944
53
4
683
759
576
551
735
87
549
847
424
908
420
741
415
558
324
52
140
856
653
864
731
496
766
564
955
408
542
208
223
627
822
421
975
916
274
120
724
46
829
764
600
148
658
755
501
0
596
830
839
467
10
995
471
566
411
627
562
779
485
846
56
318
827
188
918
10
372
857
521
355
410
608
368
90
132
369
872
298
818
267
29
680
184
638
652
127
864
928
309
143
722
142
200
965
466
637
17
484
72
609
237
168
607
585
422
249
371
580
819
352
726
379
958
632
566
548
33
194
162
384
533
266
33
987
979
149
561
61
657
441
308
800
899
419
378
489
837
738
710
10
517
811
882
485
948
321
884
731
935
330
296
996
544
361
517
723
650
628
974
708
300
351
761
83
551
672
760
18
65
281
122
870
941
243
913
826
212
926
842
717
960
131
263
796
253
727
41
736
944
135
469
31
924
999
134
250
598
235
537
328
195
473
300
178
23
553
998
439
917
388
22
94
967
955
371
19
54
635
957
291
848
415
825
183
719
685
670
379
409
513
175
847
459
297
991
223
66
653
609
280
509
230
22
281
298
902
785
549
953
469
53
630
646
526
204
765
25
676
924
238
165
611
994
332
982
882
579
282
404
380
501
595
273
635
857
561
247
52
335
595
947
110
767
307
200
377
763
823
529
904
782
942
956
199
594
179
792
522
917
585
313
666
949
541
155
772
603
356
786
937
563
630
656
575
639
783
490
526
518
93
704
915
734
855
130
610
535
984
70
930
413
533
173
954
238
59
830
367
292
758
539
281
28
574
202
906
24
263
398
222
460
503
502
74
392
739
893
201
261
352
659
759
357
160
877
874
403
998
13
534
59
304
6
976
855
231
336
305
48
789
746
700
915
914
297
12
259
164
155
957
280
953
817
361
510
851
496
152
221
483
35
845
534
6
33
316
538
968
824
527
815
583
579
724
165
123
78
325
756
156
632
351
586
838
222
798
937
309
186
787
442
541
654
660
492
633
542
477
993
657
71
509
867
632
704
382
307
103
891
526
485
104
192
446
340
994
228
109
84
769
351
468
287
971
126
696
745
231
498
250
857
853
3
267
891
535
477
129
368
509
529
247
755
910
455
255
796
154
367
818
116
465
54
239
182
466
518
859
290
909
138
21
43
232
200
27
676
589
834
81
672
418
478
686
350
396
641
346
475
858
106
700
500
344
681
423
751
986
281
315
703
865
439
3
540
276
269
615
323
133
583
558
450
327
108
306
548
954
670
698
595
763
855
794
836
33
844
790
51
380
66
815
785
661
849
718
464
206
480
97
703
137
937
883
709
403
114
792
397
451
507
807
746
200
214
662
941
55
552
971
64
258
785
273
456
758
254
728
359
165
644
662
162
45
301
418
342
979
210
243
228
382
766
47
818
985
486
906
181
297
615
136
438
110
940
588
904
286
204
616
755
658
243
764
483
862
307
864
495
300
72
628
432
274
552
268
176
480
426
929
56
720
310
903
470
684
178
724
977
80
388
216
960
231
808
507
90
498
101
804
181
520
527
483
478
338
568
661
88
899
249
945
32
330
288
515
352
604
118
28
831
954
355
101
120
408
551
284
511
359
881
492
142
950
0
863
181
372
456
859
403
873
884
248
623
391
737
255
658
242
412
811
824
230
492
305
518
876
245
664
81
186
679
906
966
555
203
541
227
917
398
296
473
254
480
716
726
895
794
113
81
842
69
172
661
517
242
312
123
917
352
529
903
147
401
34
451
700
79
460
943
658
969
811
336
176
159
583
200
271
204
711
425
892
13
71
793
740
580
283
396
97
406
465
53
176
111
420
216
150
992
431
311
77
227
509
139
369
22
446
706
357
235
468
843
743
911
658
57
416
738
539
339
197
638
396
45
567
568
961
569
314
174
83
249
360
70
863
816
712
402
528
784
612
833
17
326
485
231
843
576
184
180
295
798
398
861
473
528
811
10
947
621
741
413
66
121
544
830
70
12
46
374
191
187
584
39
879
444
67
566
127
902
583
818
636
15
717
597
212
256
693
196
357
648
871
996
499
517
927
124
663
265
234
502
703
466
625
647
379
333
668
199
673
415
80
495
753
428
689
458
881
286
623
683
404
706
32
905
670
267
715
949
361
428
470
853
243
802
856
117
813
936
323
918
632
962
350
704
421
726
307
776
139
443
237
371
325
497
681
255
989
712
932
35
180
348
838
243
170
88
385
732
871
492
789
89
719
761
802
560
736
145
199
480
922
22
231
284
429
480
908
989
183
227
567
442
787
793
122
749
533
264
770
16
306
274
675
967
39
539
357
28
88
28
68
231
583
753
455
608
389
240
181
818
751
993
982
406
108
627
865
459
833
899
738
390
847
579
807
268
161
930
480
393
401
619
375
797
277
2
254
976
787
97
341
416
663
12
562
442
182
239
678
479
39
24
148
82
375
967
853
985
442
124
454
985
609
119
274
687
599
234
55
5
907
974
850
862
309
382
623
691
271
218
804
190
847
213
209
293
339
753
194
455
605
757
911
155
388
988
796
27
474
719
213
82
778
510
291
331
699
814
557
516
213
280
922
747
194
920
943
607
423
740
49
675
561
60
610
494
141
492
283
693
294
489
99
399
471
424
110
36
916
408
244
355
30
446
208
841
23
60
903
647
469
217
844
875
487
253
464
308
225
512
73
689
304
550
440
242
639
128
619
423
813
666
703
817
787
467
646
698
290
841
141
994
643
188
835
327
151
193
820
346
436
590
437
778
241
333
914
525
316
596
236
610
964
771
989
29
693
502
588
336
235
849
418
340
854
871
979
419
485
264
985
766
737
234
760
361
220
411
984
574
956
473
988
84
866
99
357
241
461
44
561
72
886
379
675
908
425
430
59
971
411
529
8
367
242
467
976
608
875
450
995
169
728
441
256
638
387
997
656
666
913
99
329
274
827
20
745
103
10
970
54
798
918
122
704
56
447
631
255
835
745
417
514
823
64
834
772
568
467
797
988
586
840
609
201
366
210
486
323
433
764
770
760
535
386
894
936
575
712
439
936
140
910
45
915
326
448
501
865
111
68
92
609
696
104
131
592
85
17
701
178
663
761
779
664
697
160
308
142
472
990
275
712
275
881
532
228
523
460
924
961
141
376
252
81
705
994
763
831
984
572
130
622
231
665
350
65
2
377
585
111
329
811
745
63
782
737
506
225
358
76
576
327
111
247
199
680
185
838
323
221
188
305
364
221
904
645
230
449
936
40
102
16
230
512
483
943
371
512
230
761
151
203
540
69
243
913
423
43
666
854
772
350
399
764
952
767
694
548
805
106
568
344
31
688
492
720
199
713
547
833
58
367
145
482
371
381
973
926
256
79
989
259
893
648
148
879
483
489
18
317
579
5
622
251
241
146
629
80
982
326
496
810
149
88
283
325
212
38
642
364
391
113
903
624
219
201
304
472
922
522
105
657
924
916
792
314
443
377
585
243
850
762
209
170
419
576
249
212
158
148
437
275
651
297
913
484
207
803
828
22
189
621
664
960
60
783
310
755
580
362
202
89
556
711
865
645
750
430
751
233
868
146
587
384
14
262
378
188
666
274
773
676
995
127
790
465
301
343
760
787
478
354
944
214
635
510
460
615
453
787
61
888
431
40
804
37
877
17
863
12
434
15
548
514
925
182
126
688
542
1
152
192
740
407
874
663
709
327
687
988
970
163
797
120
481
911
972
407
584
106
732
512
304
816
414
61
768
198
275
79
996
951
235
143
891
158
874
905
37
591
66
344
834
544
964
621
560
659
95
939
191
12
4
130
202
922
243
46
104
570
464
953
187
548
63
282
772
849
120
69
318
686
323
317
879
724
235
367
733
0
485
52
487
808
446
53
612
334
525
421
135
641
447
648
188
929
817
46
189
609
807
426
741
874
23
240
696
901
490
417
451
712
206
92
268
61
921
317
255
376
616
618
767
923
674
952
106
889
867
237
807
981
119
118
290
491
444
26
339
513
600
952
668
134
766
526
852
986
992
166
13
501
253
67
945
554
701
767
830
997
97
853
293
702
458
139
292
373
714
309
289
333
468
577
200
911
62
401
857
848
766
654
110
350
297
952
234
24
847
32
13
974
462
161
716
730
913
571
220
544
185
829
655
806
310
855
345
994
568
34
213
618
995
507
532
64
748
231
655
132
108
888
312
311
815
19
190
523
984
58
746
152
65
74
639
641
192
109
747
883
779
972
440
872
423
226
712
843
995
893
764
209
317
99
881
143
969
458
768
567
558
547
42
648
300
166
238
654
818
463
503
127
906
183
163
949
386
443
450
752
321
474
990
578
559
720
108
371
15
502
590
151
133
260
333
230
700
995
204
856
566
135
537
72
813
515
886
350
659
531
92
787
659
819
213
272
826
18
603
32
893
244
279
404
287
932
694
517
322
611
254
795
771
981
207
855
217
389
11
396
557
456
960
178
597
93
598
3
932
640
440
925
204
172
583
564
407
288
107
491
99
862
526
148
267
291
174
652
122
754
108
128
282
887
21
954
633
45
683
372
673
29
643
480
280
744
276
511
661
778
763
679
719
278
287
559
166
831
512
176
517
283
437
459
521
550
824
748
677
523
705
339
240
97
930
879
502
213
296
545
218
557
609
586
755
212
892
732
901
139
77
424
318
828
718
582
296
835
667
860
810
231
188
938
877
142
696
433
867
704
149
415
727
716
153
385
45
226
990
772
506
67
116
674
557
117
150
620
64
656
31
565
287
748
773
241
794
19
258
198
805
536
547
592
38
765
516
843
325
728
986
773
156
573
135
732
828
704
685
529
62
550
252
673
792
786
303
577
327
554
340
853
246
799
308
806
176
360
732
514
103
864
744
662
953
772
14
427
977
172
544
254
907
41
451
339
941
705
155
993
353
219
816
817
938
178
502
818
563
292
301
169
794
650
550
291
961
221
368
362
45
579
990
129
446
241
707
121
41
276
822
977
944
46
697
624
15
31
841
451
496
712
993
481
96
363
314
771
491
471
162
908
463
161
351
534
855
711
491
291
92
692
750
417
284
801
369
545
812
713
333
864
864
614
892
960
624
178
35
71
640
854
577
452
489
284
284
796
983
562
331
393
41
831
416
820
830
397
86
457
935
147
168
89
130
568
709
139
787
55
504
853
76
534
122
894
906
640
303
340
958
819
753
57
291
771
664
776
720
567
705
970
579
655
872
800
547
701
322
6
917
879
263
567
72
795
3
396
960
698
542
98
29
19
444
51
451
549
287
678
434
783
680
795
90
32
697
348
634
928
589
690
652
844
815
787
795
586
730
375
555
408
783
158
668
73
689
598
344
177
861
684
710
423
297
369
790
869
269
34
904
432
390
396
564
95
79
808
842
318
987
753
694
146
720
669
917
370
43
932
261
903
827
931
699
191
165
724
38
128
482
642
830
398
936
589
40
611
100
480
24
907
743
454
174
918
484
995
990
137
259
106
465
723
823
7
381
785
955
611
551
971
647
216
75
994
315
427
408
348
7
305
403
63
619
150
524
810
412
114
118
40
463
56
949
148
270
663
223
818
391
873
969
831
880
86
963
600
300
449
325
620
220
773
579
843
500
259
200
684
66
278
647
44
584
908
436
208
203
777
92
984
485
65
677
739
758
148
202
292
394
507
397
745
910
957
225
435
401
191
29
134
505
912
390
519
27
534
639
726
353
574
415
482
31
326
865
901
205
394
859
573
137
951
66
924
702
350
876
211
578
847
897
682
808
766
225
596
604
371
761
821
483
90
591
676
342
504
852
519
642
686
583
354
655
64
738
386
642
957
961
14
897
363
696
230
839
325
940
773
707
471
254
676
969
886
650
26
240
524
650
869
383
791
79
185
464
746
162
771
394
639
90
707
445
109
513
761
270
453
339
774
737
815
822
547
633
17
169
244
292
14
783
627
279
651
832
737
518
450
59
771
708
700
593
961
395
938
75
286
856
304
580
650
779
872
675
33
825
246
427
725
306
175
351
441
614
917
78
536
516
365
5
13
120
726
304
307
120
679
438
47
946
473
784
143
531
411
36
577
760
509
820
207
62
901
354
760
249
728
32
937
448
850
560
203
917
684
597
423
560
887
933
968
262
397
878
286
477
554
894
241
97
635
522
693
310
155
252
906
21
734
359
365
402
122
643
508
339
254
671
681
830
838
357
351
918
11
694
261
320
93
12
710
772
305
395
623
0
591
788
400
385
381
896
788
612
185
171
198
40
424
91
939
91
778
413
831
684
650
319
508
653
45
176
557
86
274
149
288
780
421
52
541
312
432
629
456
761
22
930
529
798
332
569
590
660
420
408
573
517
204
695
79
886
462
706
760
30
834
757
502
730
544
799
222
433
752
915
875
534
21
711
888
468
353
0
849
377
689
189
723
322
519
463
245
428
494
208
457
876
530
111
519
351
911
18
17
434
334
957
45
417
667
686
171
194
444
754
302
217
721
339
109
978
51
65
352
109
693
579
966
5
127
939
204
807
155
748
498
705
573
524
936
753
473
39
429
864
729
205
698
155
110
621
191
607
772
94
931
856
577
261
42
990
822
961
450
415
455
146
810
229
803
930
225
39
164
849
753
821
348
522
991
280
404
664
260
93
318
888
48
625
438
749
393
933
717
302
850
378
664
802
502
736
67
251
271
480
114
215
409
821
542
702
640
161
851
913
889
857
398
383
914
573
403
343
443
45
526
155
611
783
677
312
598
90
151
807
353
792
27
639
230
237
992
860
146
460
401
817
634
872
444
210
744
486
740
153
342
477
550
688
728
832
58
88
922
941
858
876
147
251
877
654
250
521
419
760
851
795
948
271
982
937
513
42
860
456
421
356
231
407
885
209
400
338
905
433
676
618
540
678
458
998
87
705
595
911
413
606
978
856
828
311
553
196
446
196
46
809
930
700
754
373
891
575
699
460
981
851
262
273
875
588
204
588
966
280
617
387
533
75
928
769
568
54
552
908
264
479
158
280
323
255
820
852
910
856
490
694
76
620
358
279
894
619
644
791
396
288
286
884
643
603
823
709
882
892
464
472
829
288
981
440
538
426
617
97
227
241
601
111
638
606
247
875
260
139
861
649
761
689
824
743
506
925
300
766
918
935
8
690
738
956
332
374
955
200
875
218
291
203
238
848
641
335
385
59
799
848
496
771
136
374
594
425
622
856
554
59
755
699
338
295
488
356
416
605
202
654
375
514
176
910
658
846
704
303
232
738
274
1
724
890
720
297
239
467
319
331
632
99
150
55
489
715
867
745
439
275
220
712
717
61
300
885
87
841
472
549
327
119
416
883
491
662
522
852
68
687
96
688
980
404
535
416
82
98
617
862
456
568
568
147
329
538
391
917
887
599
227
472
610
359
202
526
991
719
292
504
694
649
213
207
232
364
264
181
271
582
332
282
483
388
986
837
730
315
701
222
976
411
769
897
997
455
381
694
400
969
709
668
921
362
530
896
259
354
113
428
943
813
614
9
852
287
201
267
45
785
471
857
499
828
534
390
211
395
259
96
857
151
817
843
885
247
600
523
457
97
20
859
171
717
475
327
817
640
989
290
767
946
651
376
745
651
966
832
851
551
717
866
696
632
702
985
437
338
10
909
299
284
92
984
913
522
989
900
410
71
487
128
765
233
860
747
313
173
141
229
718
322
498
284
924
465
437
142
784
744
968
456
120
431
841
574
960
27
199
118
550
134
745
624
555
606
610
508
538
664
636
784
394
36
734
749
958
686
257
334
376
356
150
941
168
998
691
344
139
121
267
696
394
235
544
753
807
876
761
181
154
113
656
216
64
88
718
6
602
864
0
679
42
803
785
547
895
751
718
903
761
556
879
526
952
812
451
375
106
294
246
932
216
219
401
319
592
342
940
616
281
911
789
776
382
664
0
152
499
378
651
942
324
967
897
771
935
758
127
236
973
381
34
482
267
625
688
789
845
771
363
682
520
125
967
334
398
923
409
861
723
352
119
676
460
141
265
216
865
103
893
226
117
9
344
271
757
410
830
287
272
357
948
822
679
496
281
52
388
678
952
798
895
45
145
539
139
541
158
866
432
937
531
887
957
742
112
864
716
832
750
754
723
234
436
391
930
258
317
751
80
98
990
138
222
93
895
125
113
71
390
797
102
587
352
161
379
407
707
617
666
309
357
985
531
84
376
956
493
689
185
747
23
632
643
393
336
11
676
381
624
103
64
249
968
44
500
401
751
940
897
585
797
668
166
440
833
783
402
23
114
164
453
490
219
468
381
953
87
56
183
47
348
740
477
982
861
643
514
620
184
457
65
685
379
624
175
314
145
297
762
2
797
456
333
438
17
239
865
863
587
341
994
353
599
345
271
868
705
985
134
2
48
597
674
104
438
530
981
854
189
824
95
440
789
289
113
188
247
982
39
871
502
199
318
957
775
305
840
745
124
115
368
655
731
98
983
966
671
355
154
928
967
195
461
490
804
138
843
857
609
346
470
701
601
801
993
138
65
53
982
510
298
951
793
611
654
633
14
237
613
934
861
840
90
515
620
633
513
282
270
710
310
48
937
603
543
16
733
243
392
340
800
474
69
959
121
89
532
894
765
890
60
449
737
398
345
61
559
656
271
105
21
42
953
587
275
125
928
525
623
373
617
756
857
955
298
79
5
992
888
922
680
314
737
173
5
234
528
427
269
873
96
648
39
307
671
194
464
163
585
189
869
328
988
497
580
131
473
904
99
670
816
692
360
977
216
458
852
365
516
918
775
598
907
413
270
498
521
46
971
234
120
661
793
801
842
389
914
135
560
106
370
915
993
946
534
334
85
973
48
19
592
197
415
871
999
409
591
775
115
720
338
23
709
249
80
818
553
157
222
405
118
110
655
227
940
276
271
994
367
195
818
695
21
181
368
430
779
461
999
348
514
906
26
163
139
33
279
432
733
945
440
285
648
25
470
310
539
457
445
123
189
148
967
485
875
185
430
934
746
756
46
606
360
359
506
272
106
227
542
666
682
89
483
869
202
818
73
830
791
27
456
113
702
390
249
637
109
319
45
440
720
647
523
496
267
112
595
240
759
796
630
700
90
134
894
106
241
743
772
421
832
126
191
488
247
255
991
380
882
133
582
121
327
707
393
151
457
930
54
767
488
316
153
322
984
107
751
139
738
14
480
940
193
575
242
68
779
344
963
981
140
510
863
246
729
25
977
776
651
20
422
145
976
92
74
613
930
36
815
916
539
736
534
968
317
207
369
376
531
257
502
71
434
816
945
399
605
764
386
770
202
992
112
296
488
521
447
894
484
723
942
27
966
78
745
569
317
456
222
306
935
590
884
208
997
293
142
953
384
959
213
113
486
61
749
60
415
707
424
916
890
761
727
810
673
704
715
296
990
185
300
27
791
169
945
697
73
704
308
797
725
569
456
991
539
508
762
729
71
322
494
302
32
807
414
697
755
445
391
439
81
771
170
150
686
544
954
654
486
230
365
307
247
780
715
679
942
390
222
832
733
725
985
243
634
101
46
812
104
231
877
537
796
439
934
134
662
724
733
327
472
614
77
569
514
558
615
667
965
494
940
175
938
323
808
434
709
240
869
824
14
260
496
131
561
841
941
951
137
167
33
661
748
558
85
854
266
445
499
45
948
547
797
124
25
187
459
275
261
192
987
37
38
436
95
766
42
895
758
995
72
22
153
116
841
367
181
342
895
619
360
130
942
677
347
142
933
915
257
304
234
573
261
748
94
34
606
248
397
861
381
244
389
615
812
736
661
847
837
94
185
190
25
345
597
113
646
575
237
747
852
896
711
164
468
841
824
635
858
151
800
682
703
673
643
190
273
462
328
446
983
277
287
751
587
350
297
153
352
689
450
929
964
205
368
682
700
634
197
298
635
568
196
560
231
909
940
899
713
704
247
656
37
637
952
186
96
423
552
364
62
954
562
326
382
351
169
801
19
981
367
992
982
118
317
792
48
150
104
39
847
158
432
652
181
224
15
715
487
88
631
43
902
583
836
290
214
869
321
423
360
620
780
266
773
200
942
853
33
321
99
543
799
869
81
191
891
364
120
199
771
997
454
927
369
317
854
769
381
397
472
196
686
771
530
180
511
500
414
730
326
486
694
717
224
554
405
757
717
881
712
692
462
56
725
147
422
458
804
678
365
621
161
290
388
984
963
482
395
742
398
501
40
509
385
234
679
166
696
957
305
575
257
242
267
811
326
439
824
162
32
504
206
465
519
410
939
238
540
33
625
698
899
175
233
969
565
367
249
711
659
165
683
944
732
942
22
71
948
602
729
968
830
181
749
535
217
73
802
290
936
484
964
437
518
767
118
315
940
485
415
319
985
418
784
154
351
234
869
793
982
204
526
589
485
195
141
813
670
123
577
276
399
204
546
834
972
636
532
280
197
784
177
556
175
564
227
269
550
458
698
209
658
539
931
945
567
953
579
594
484
508
408
554
360
457
938
326
849
68
652
544
927
286
427
997
615
654
344
719
216
655
830
209
430
842
322
452
480
398
307
684
159
294
634
807
285
824
447
911
628
106
961
643
793
70
571
40
904
587
459
27
171
620
948
968
614
738
337
555
248
870
860
840
35
940
696
391
782
888
679
410
936
636
459
128
946
766
400
972
426
11
417
781
900
203
286
824
280
956
710
516
567
222
565
461
498
817
287
933
960
153
352
965
66
719
136
981
695
291
213
292
177
463
359
858
536
858
59
415
381
283
365
452
92
184
287
535
423
977
755
178
33
226
354
801
734
173
684
274
430
841
190
272
841
766
754
898
89
449
153
52
151
778
752
617
986
978
426
824
881
176
760
93
178
240
50
224
96
408
462
77
786
131
11
778
112
676
678
29
928
300
55
353
734
222
443
940
711
182
160
315
85
144
173
208
640
534
846
880
9
507
714
626
62
880
732
338
273
776
337
836
514
496
41
118
76
832
972
813
73
843
952
905
594
103
233
221
89
578
994
262
544
559
34
727
894
553
903
457
18
621
851
591
379
435
606
466
64
218
922
123
517
841
284
349
756
541
947
844
227
149
657
457
746
246
83
422
171
352
942
184
529
137
280
720
358
630
155
209
909
589
269
542
667
508
667
447
417
230
745
901
645
760
212
159
654
669
550
896
204
452
761
933
800
262
900
533
74
764
931
484
788
212
973
63
126
485
878
491
867
500
385
679
927
334
817
920
556
438
374
644
145
490
629
548
216
844
737
193
663
983
205
635
729
120
819
783
514
842
462
955
37
753
103
524
9
136
213
654
505
0
207
875
658
309
304
619
371
784
340
941
760
460
706
337
752
72
505
941
766
440
479
440
955
241
18
691
784
940
788
396
81
225
131
180
836
942
396
52
150
438
811
571
732
185
309
982
251
756
985
204
676
545
500
861
445
80
786
442
959
469
889
303
405
238
620
438
368
854
998
885
51
253
85
152
152
23
968
306
638
254
60
204
685
692
853
894
72
527
503
397
161
58
373
908
401
500
761
979
963
429
549
355
760
672
456
1
540
18
901
270
228
743
219
324
934
801
123
669
349
493
855
128
295
591
426
631
306
147
718
996
15
714
965
219
978
271
357
910
337
937
25
189
373
459
728
731
552
540
896
709
184
321
527
12
147
673
618
528
439
564
444
205
523
402
4
314
494
162
385
615
140
80
638
110
857
898
971
668
200
940
758
123
580
801
853
328
244
59
210
297
207
227
653
757
261
76
890
383
513
632
587
525
182
325
358
446
528
283
45
983
868
258
542
50
586
443
718
606
959
329
721
536
371
779
33
396
194
697
189
135
227
43
978
689
64
433
303
855
189
265
596
922
916
92
825
352
495
997
717
223
868
814
730
242
559
368
711
877
152
342
925
568
646
977
327
26
738
603
531
367
734
882
909
161
370
745
672
553
299
224
550
256
355
775
940
573
27
228
969
620
743
193
956
532
668
628
183
796
736
266
717
765
534
771
256
92
465
841
639
35
385
916
682
577
470
831
486
847
674
510
211
623
526
780
595
551
404
454
153
321
653
143
95
217
79
621
478
361
439
185
16
479
485
166
245
205
35
630
495
802
301
370
179
627
429
465
483
885
760
64
431
963
875
545
638
154
863
885
832
655
577
884
322
555
881
889
188
902
999
782
895
94
129
296
417
522
418
186
709
851
253
371
573
348
567
923
495
401
521
734
79
735
504
703
60
868
848
594
685
21
48
32
477
59
556
695
987
12
415
444
184
390
95
983
532
832
900
674
673
554
220
269
826
723
732
686
705
150
361
401
785
608
458
688
200
715
174
727
439
522
467
541
260
884
510
853
930
236
530
187
976
615
292
977
116
641
450
17
957
699
41
315
316
747
201
299
755
15
29
383
20
366
168
71
608
224
314
167
590
810
338
149
183
866
125
440
269
192
571
137
235
76
356
745
39
162
307
578
371
355
137
823
146
149
323
660
335
124
742
498
313
460
401
97
489
5
302
290
973
802
23
103
426
44
72
273
52
62
463
584
879
327
241
956
113
435
871
953
356
693
517
197
905
226
231
216
186
520
983
422
626
902
297
208
882
762
954
680
441
243
875
143
15
723
830
276
66
657
51
856
20
251
181
36
458
996
254
395
599
322
549
448
924
464
238
843
665
226
714
208
185
436
371
530
988
795
398
940
213
276
824
23
978
394
666
111
877
491
540
525
268
626
486
406
704
792
88
608
45
963
211
88
309
902
760
393
282
753
958
107
294
193
539
594
307
315
123
980
659
478
789
54
387
78
523
719
35
550
783
683
251
972
904
307
288
285
437
929
720
523
803
515
292
411
854
189
883
368
993
63
919
253
555
787
486
137
22
401
558
57
495
436
460
918
552
628
700
711
239
314
770
754
521
321
402
945
904
143
0
889
338
287
672
355
735
937
363
704
612
519
75
816
427
293
52
573
159
865
126
131
554
375
109
70
256
176
246
985
720
998
245
259
408
978
357
549
295
431
274
1
81
896
394
305
855
845
102
508
180
395
309
926
674
523
431
574
223
566
339
305
897
239
620
225
474
11
620
45
256
455
365
704
510
73
418
8
425
220
129
37
971
938
554
752
403
923
503
607
467
388
806
924
518
287
911
466
900
204
339
969
921
261
354
318
663
513
482
709
694
691
94
408
484
572
383
640
916
925
479
750
879
787
343
19
313
735
314
410
466
963
903
93
359
217
470
812
622
63
951
20
926
545
646
248
222
3
434
343
860
741
459
77
457
239
440
87
90
841
304
304
949
176
741
805
138
109
636
496
679
662
55
171
135
193
616
250
440
90
620
939
714
370
296
666
818
883
842
351
392
263
758
526
941
363
99
330
300
692
900
150
470
293
982
47
377
539
770
121
589
611
530
674
397
774
657
346
965
103
266
426
427
51
330
157
930
65
73
210
601
495
126
407
364
201
219
470
300
588
804
772
23
285
81
63
120
307
335
711
293
363
366
229
229
886
67
799
622
498
878
22
987
866
924
381
101
340
142
742
931
319
587
759
944
44
424
239
496
392
804
364
857
290
950
141
80
568
286
637
517
439
385
355
327
281
836
547
678
90
858
424
725
789
663
978
608
550
93
553
894
444
32
433
883
3
447
413
178
756
695
763
737
380
898
33
392
891
771
869
489
210
296
376
853
505
998
606
769
971
415
419
49
51
539
318
530
703
619
835
559
958
765
737
95
917
176
587
92
328
687
185
713
48
543
42
755
37
972
294
383
994
157
417
914
399
707
698
904
501
531
640
261
769
350
410
425
400
719
979
952
750
529
832
949
997
444
988
925
878
631
608
556
105
432
636
769
948
340
788
320
500
763
672
746
362
562
989
158
825
294
578
845
151
413
527
104
207
435
685
960
563
185
724
747
100
852
279
577
360
472
842
813
133
880
790
571
224
892
352
142
984
709
382
977
907
59
499
534
539
635
548
853
31
749
368
215
861
932
508
591
677
430
908
904
742
144
533
300
149
582
620
722
856
848
491
112
578
474
866
428
774
191
218
536
240
345
7
722
375
743
542
209
743
140
832
612
412
481
33
680
476
246
972
65
253
945
831
59
965
893
267
447
71
864
105
674
31
149
298
481
7
814
7
83
886
687
516
713
56
700
172
58
575
744
710
731
719
113
128
400
405
956
742
615
678
873
169
711
242
985
771
358
15
287
535
473
841
126
418
258
743
952
995
47
593
302
582
503
672
124
133
474
326
147
860
449
886
985
954
162
71
76
781
320
326
321
613
852
932
541
314
332
286
452
371
448
437
887
345
459
803
435
92
605
49
478
99
354
237
854
882
156
696
36
692
139
554
741
680
767
490
357
293
68
75
444
905
420
16
826
583
299
715
468
473
590
839
423
478
258
985
614
781
233
130
123
325
336
270
947
475
944
539
893
23
909
155
413
98
893
730
680
775
919
828
138
939
421
209
103
435
498
804
720
678
386
344
733
647
388
523
64
640
641
716
178
246
123
565
555
758
245
209
365
614
237
515
630
570
274
467
719
959
961
741
37
829
354
625
144
717
174
612
344
562
259
452
8
540
562
916
489
662
214
302
525
572
268
504
429
337
739
521
238
967
470
431
183
8
167
194
521
875
675
106
825
478
196
397
257
321
679
228
228
468
73
319
152
716
449
522
598
829
298
932
330
936
421
550
116
45
943
70
153
184
929
113
228
821
952
96
432
95
785
10
390
872
42
515
461
781
216
187
306
222
61
212
547
781
671
523
980
609
927
182
961
127
224
799
114
816
491
918
491
970
568
596
665
24
963
834
12
481
824
159
607
505
744
380
761
987
677
486
193
245
785
734
235
545
554
164
285
334
840
231
893
404
851
724
533
188
218
895
78
82
429
533
465
953
903
759
849
990
883
491
786
662
155
821
639
829
317
59
440
987
953
827
915
214
608
373
227
650
894
235
272
214
408
481
38
850
412
33
626
800
357
964
999
266
430
292
451
368
262
456
76
475
810
605
207
828
224
844
950
883
205
792
415
944
937
156
203
467
199
543
32
890
679
413
116
947
813
864
67
234
698
970
643
191
779
490
605
794
8
93
342
956
163
653
662
87
815
827
332
279
224
846
561
320
80
388
560
119
602
487
744
129
935
627
946
64
221
617
187
529
958
315
195
195
492
35
870
780
540
284
326
442
711
508
954
119
828
687
231
0
741
956
595
577
988
889
799
658
344
750
585
331
773
775
415
97
799
529
225
294
633
478
889
517
632
164
126
913
866
814
101
153
607
780
844
365
529
921
928
523
315
967
545
626
112
893
246
486
996
588
109
105
214
418
57
443
435
814
353
808
701
689
48
269
60
291
313
236
82
112
125
794
610
580
735
481
112
578
728
929
965
267
223
210
828
315
978
762
26
378
710
517
538
603
955
206
735
13
178
833
480
846
650
37
623
317
805
351
148
806
417
396
478
209
964
693
517
982
940
88
2
496
750
742
674
428
42
270
583
271
959
886
560
523
887
348
526
742
696
91
844
460
351
167
366
889
41
544
151
473
645
837
134
580
443
802
130
75
467
760
671
60
772
662
114
828
243
704
368
942
201
205
341
407
262
0
938
101
350
728
996
984
745
196
93
118
358
514
542
202
156
743
219
158
825
652
92
253
305
559
439
442
775
355
805
833
47
538
653
696
95
498
546
996
614
350
436
221
98
323
295
172
902
101
899
487
161
515
47
868
243
694
871
392
591
113
189
829
479
968
31
574
161
967
593
672
379
951
837
430
986
682
917
258
702
810
378
733
663
271
843
338
460
317
500
986
854
971
250
219
177
938
832
920
737
923
555
499
198
847
566
765
997
679
709
107
350
476
109
205
292
741
597
197
501
408
964
144
357
586
810
647
818
713
466
697
184
895
50
189
788
52
223
27
946
923
639
443
275
127
378
953
592
244
884
370
199
320
68
437
294
297
266
906
607
590
669
381
163
473
722
818
203
970
717
349
919
668
477
27
634
244
599
128
432
533
185
937
87
629
386
262
315
870
356
527
989
556
416
956
2
875
317
228
863
871
501
1
960
194
183
863
652
47
854
603
4
994
591
160
44
228
