2706
1498
638
251
1904
1487
331
1982
2924
1833
1743
1203
212
876
2762
2749
2854
554
504
1473
1331
1384
937
1434
1792
555
2276
1776
1483
1343
1878
2157
1979
187
2395
1725
2679
546
2324
776
712
997
815
1531
2924
2997
664
832
2955
271
823
23
1648
901
515
2836
2072
1967
1145
1750
1323
860
616
1058
23
2348
478
1672
2011
965
2437
1690
1134
398
1231
707
1329
2248
1700
2031
1301
2845
37
1145
1038
663
2698
70
1228
362
1312
690
1266
2586
2106
2607
1052
270
913
1637
71
2499
686
810
472
821
1687
1452
1837
323
64
2826
2219
2884
453
773
2731
1595
2489
844
2495
2603
706
2569
203
1446
2248
2748
715
2362
1095
1001
2257
2067
147
1238
1673
114
457
1223
967
115
1242
66
1978
1926
961
1140
1489
1273
1717
1767
1375
1276
648
1899
526
2888
1592
23
2290
1465
409
600
986
408
2674
2544
728
2194
200
507
324
2059
2919
115
2355
1132
2031
2770
1775
956
2124
2177
2387
2064
2027
1409
2483
1605
1617
2092
636
922
2598
1079
242
496
2357
2978
816
2795
1521
2878
1327
1227
623
1746
963
728
2459
211
662
1369
2205
720
585
879
2236
465
2286
11
1755
2999
2888
2385
883
2009
1860
693
740
2421
180
2976
272
790
693
178
134
781
321
189
2860
2524
1510
2240
793
1688
2816
740
1855
2248
2962
457
169
196
1908
391
2836
1751
1575
664
1785
92
1772
2371
618
1133
1660
1550
629
1489
2683
2186
914
520
1376
2583
1403
1094
1731
2397
82
679
1957
1208
1278
304
1479
1669
1994
1063
808
2028
1582
2006
2633
2191
1836
526
1972
1413
2589
1727
2602
2276
2363
745
183
1731
2321
505
1545
1713
2916
1092
496
2162
35
1637
260
209
1237
1466
1214
779
2817
2179
2031
2982
880
373
608
1360
1446
2834
1263
337
2753
225
1638
1121
2435
624
2548
2789
2090
2658
1679
2320
2950
1470
479
1077
903
1357
2969
1433
2984
582
1344
122
1685
1659
2257
358
2984
2273
550
763
2930
942
2896
830
1835
1619
1369
1844
2755
2564
344
1010
1873
1057
2380
2982
2659
1868
813
1945
1349
850
1701
1078
1223
503
1553
2341
496
2029
870
1404
1288
1080
2983
2856
142
1206
982
1842
909
935
664
2861
2513
2396
2428
2587
2122
1481
1846
367
663
2739
2363
1404
314
2453
1052
558
679
2748
2730
1256
1759
2011
2956
153
1603
2479
468
870
583
506
1510
2519
2719
2753
1251
2579
227
389
2063
2253
628
1327
2860
502
184
1540
2959
1672
2289
1632
53
2901
1563
1028
824
2418
2929
1492
528
2268
1772
1054
544
122
1503
1930
339
2483
351
2609
2654
1823
1109
1974
2878
118
2767
2078
1613
2603
2541
83
1261
697
701
2835
2214
2623
2882
2588
742
1500
1118
566
2086
2523
2821
1278
2497
2226
180
843
38
2872
100
29
2894
596
2772
2210
712
1127
1261
98
89
2720
198
1788
1789
1297
613
1483
580
793
2342
167
1710
1258
2096
472
1038
454
2330
1093
661
1425
1436
281
2560
884
1479
2211
1295
1223
2787
1409
1164
2452
1101
874
1413
1564
756
2094
1161
503
429
794
1599
2270
492
1026
2732
2598
1715
21
536
2149
2255
1172
2842
2284
307
1536
2469
1167
620
2378
1327
2225
1227
1457
2069
1926
1260
1124
1768
254
2557
622
2656
2382
1948
1564
506
2687
673
2062
1534
2513
2216
746
2903
957
1116
2624
2892
381
1827
1643
1703
1408
1648
2760
2527
1796
2984
387
105
807
1782
2237
351
2516
1947
2834
893
1915
829
1284
1428
1696
1463
359
741
2173
1267
439
2999
1030
1190
509
2530
349
1949
2102
1760
1782
2033
1895
2308
693
2470
2561
2329
664
1046
1482
1228
956
1721
7
2681
1246
2332
138
572
2318
1427
2780
1984
1367
1109
91
1727
2065
2212
1888
2110
1725
846
687
709
2589
1480
1530
1765
614
1150
2568
596
2032
165
1157
994
489
2825
1178
2969
1643
2129
325
1527
1830
2254
2210
221
2683
2768
2347
1207
2477
2035
2408
342
2448
97
2512
2465
417
2542
2834
2533
2723
2379
1383
1593
1691
2816
2507
1745
2770
1080
430
1277
2890
963
2035
2017
632
1690
1015
2635
2442
2978
2644
1208
372
1712
1491
2726
2613
1656
1724
470
2538
852
2921
273
960
2016
1788
2589
942
215
1683
1078
648
2397
2476
26
577
2038
1977
349
853
152
2999
2283
247
1258
984
936
1199
1606
1151
2937
1226
2963
2200
1192
916
1692
2775
454
2029
1509
2200
951
1177
1440
2329
1630
119
1853
1850
2842
1812
225
929
279
1116
2391
718
1930
2352
2458
17
2506
845
354
210
2407
90
1125
2521
2692
2279
533
2677
1821
2625
351
169
1016
1226
2904
524
1061
1072
1896
1322
1156
1307
2423
1058
94
900
1262
1481
2492
2574
2045
1612
173
1089
827
332
1936
1821
1760
1190
1000
2059
164
1993
240
1430
2184
647
77
571
2480
1829
2384
314
2003
1177
2221
2546
1825
2976
2399
1283
2309
2602
2979
1502
502
1473
741
920
1624
742
412
59
1840
2615
1055
767
2151
1864
498
2717
2252
2943
2948
1421
553
985
115
1839
1239
1982
2122
1844
291
520
1345
563
765
625
968
2975
2329
2566
577
71
2169
807
483
462
727
1803
1640
2419
530
836
2117
83
1446
799
943
2891
1153
2538
892
197
2377
1215
1361
557
2600
2094
2916
278
2403
173
1338
2496
2420
196
2138
2374
42
811
2440
877
1518
1933
1946
54
2945
1775
1342
1857
1808
1518
2974
1169
1313
156
1980
2980
1578
1759
2216
2514
10
1152
341
2543
2745
1904
1301
189
927
1446
126
2112
2896
2248
1545
261
1877
1075
1274
149
2803
2643
119
1036
1078
298
59
2448
819
2787
2456
12
5
1723
1263
823
326
944
740
1352
1165
2709
1634
1249
152
462
1082
439
1076
2796
629
412
1630
1252
2758
839
504
686
2153
2357
707
2084
1578
2751
741
1030
1795
2696
282
1362
285
1765
478
1034
2772
557
680
2758
552
1500
2556
2645
2578
244
1946
2823
2951
2449
1642
826
1053
1291
1352
1500
4
2113
2627
1197
367
366
314
2134
2155
225
277
1027
1140
2226
2612
1395
2279
668
1448
362
2683
1670
1600
238
1089
2387
889
2794
1084
1182
2807
1791
528
2384
2439
2125
633
731
114
1804
2022
1614
1159
2947
797
1907
1411
2048
2184
2355
1685
897
2745
359
2409
2803
338
1381
1850
2097
2143
1219
27
319
2950
2007
373
42
1694
2977
2507
881
1844
2839
1147
2951
2673
993
204
881
2792
2788
2429
1332
1412
2601
2687
17
1837
2689
1965
285
2489
1509
2587
1509
2459
2587
1854
1805
1085
928
362
1983
2432
523
689
78
1746
1654
2881
1385
2993
2386
259
2558
534
1026
2517
1089
652
2160
875
319
2291
1480
1147
1060
773
641
2096
945
1495
1136
235
1728
2777
2447
2399
983
2947
2620
1923
1953
554
892
1098
700
266
2074
782
209
465
54
546
2674
1916
2050
660
894
25
1105
1406
2472
257
2737
1778
1382
120
738
2558
1430
1837
1719
2997
2213
1378
2246
2903
289
920
221
1937
2563
2032
1600
132
2209
969
2527
342
868
391
1582
245
423
569
2039
1883
246
2777
2809
1356
1527
2018
2157
2295
1114
2517
2216
90
1190
2577
946
2538
107
1374
319
605
777
1092
1272
1382
225
1488
1349
1031
1159
2478
873
2589
1807
1712
54
1884
711
303
1554
620
1748
2931
775
722
1276
2435
2458
2520
2080
729
1086
1116
2587
498
110
406
2805
1498
2106
1704
2419
609
690
1730
2624
2861
283
884
2489
2630
2727
227
1938
0
229
2438
2852
1913
2161
2218
274
2248
1944
2121
1313
1268
485
1695
1997
61
486
2025
117
643
408
2340
2978
204
914
1244
1922
1734
1226
2410
569
1782
1095
2138
1829
2511
882
149
1056
2447
674
248
965
2392
375
143
2449
1909
2297
1641
1895
548
1004
1799
261
590
1917
1239
867
558
618
2844
1662
1027
1730
416
1651
2409
1839
534
1131
2399
2104
1919
1490
2560
943
976
518
251
1537
1887
2418
2556
1866
2739
1125
1306
1498
2528
2958
425
1520
2670
1214
938
1706
740
969
2827
1364
578
66
688
2181
1720
145
706
1953
1211
1482
2908
2137
2348
1427
1897
889
694
1367
1405
1547
902
347
1950
381
2338
1775
2677
2941
387
65
123
1374
2494
1555
2105
2782
518
2602
296
929
1875
1495
2201
1470
1163
1540
274
1318
2500
2582
1779
1820
1776
194
713
1024
2190
776
2632
2576
124
2028
2652
1594
2280
438
96
281
336
1813
2375
2059
2966
291
2586
1601
2085
797
2094
1349
449
2549
2979
888
434
897
1671
2920
807
617
2423
1600
2642
2677
369
1526
246
472
1960
1865
2969
2623
2356
1858
2165
2638
1038
290
1289
966
2450
2473
1187
1380
789
820
2026
2086
1329
2230
89
1491
1665
2234
2737
2239
1185
174
288
2845
800
599
358
2130
2561
2578
303
2553
1190
749
1926
1587
2846
574
1368
2408
552
628
311
357
651
2585
2102
972
478
54
2245
2769
2069
2514
919
1449
2217
2238
1705
799
1518
2365
1577
1246
1213
1138
2437
777
679
1773
55
1838
2241
2457
2155
760
735
2624
661
338
2748
870
1722
330
2903
2714
2039
2896
761
1800
1349
2325
1996
1168
2506
1836
461
2824
602
2775
470
31
2872
134
1283
524
1772
2037
2222
2271
671
2659
2137
2354
1879
1914
91
1110
468
2290
2127
2874
1380
2244
1802
1399
2652
1802
847
1381
1357
2245
1840
488
2901
2164
2130
806
723
609
2471
780
2217
2625
1847
421
2762
1119
1905
923
1218
1738
1108
1690
2016
1294
323
344
1082
1190
2985
2343
1343
2324
241
1564
1339
96
2587
2489
1660
1311
2467
1507
401
1129
2124
2351
687
2574
2598
2734
2520
2628
2288
1932
1716
1532
2814
1318
2582
2570
73
1707
1221
425
439
1807
1898
2040
2881
1149
2820
1883
2498
2455
931
2594
527
1672
922
2109
2252
2704
2603
1641
2492
304
1056
190
1444
1580
617
2740
2529
187
723
1782
736
1484
2953
1440
484
1697
2271
2205
1562
2551
461
1057
1932
1784
1118
689
386
546
1216
2522
986
2848
1345
2292
2086
1985
51
186
380
218
465
753
1956
1934
2448
1222
692
2068
2906
2286
542
2683
680
1
2297
1342
2494
1079
2311
2248
1907
1597
1422
4
997
1015
861
2400
1608
282
1392
704
1503
1870
2171
2661
542
2681
940
1665
190
998
119
1483
2149
2935
170
1379
768
2274
2233
2542
51
1044
2539
2431
1651
801
426
857
2084
253
960
1527
2638
2637
1184
2182
18
1132
2882
1543
654
1568
2439
865
1892
1723
2951
1186
1841
676
106
1128
1623
1910
1610
2569
42
2218
21
2469
1314
1875
742
2794
1478
1080
2754
2623
1426
296
1210
2355
2141
2811
1531
303
733
1669
903
940
2227
1013
1239
1646
726
880
1642
2955
1620
2577
1256
2082
885
934
1047
1846
2240
1048
2579
65
1991
450
230
40
1800
120
1474
868
2387
2343
1913
2081
240
1016
1650
2393
2867
2796
1319
290
1917
287
2658
690
598
1432
2966
6
315
265
1022
2644
1259
2317
1184
264
1830
2202
2315
1016
1296
167
1000
2443
1921
847
1171
2802
984
921
709
252
1675
2974
959
1591
1685
545
2262
1085
569
122
1595
1393
1502
2711
2323
609
978
567
1731
2116
1221
745
1580
1127
725
1271
2301
1658
221
2968
1702
65
1708
340
2141
1297
1770
1323
2007
1634
403
1236
1186
1842
2871
2929
2730
517
1783
2761
455
2738
1579
1941
1475
1133
2953
2578
809
2073
1457
856
218
1809
1527
777
223
2194
2584
2151
1961
2945
561
2745
2038
2364
2290
2896
895
2978
572
360
2433
2684
2532
1712
670
735
2934
1265
1094
2205
580
1237
148
2492
1710
2725
1810
1949
430
1956
716
2806
1690
2356
479
271
2116
2058
36
1967
2200
702
749
1776
1825
692
830
612
955
2453
2285
1731
512
2764
1055
2859
1017
2791
381
1671
1396
158
1573
6
1642
150
401
1661
1534
1026
2174
642
2553
2375
286
2389
1379
2516
2558
2723
948
67
96
68
2991
1104
1624
1962
268
1607
2330
2821
1316
382
1187
2583
2535
129
493
2015
712
969
2956
278
1788
1457
2148
734
2624
2909
403
937
2920
2761
1431
1349
1090
713
857
1475
956
1441
2760
1869
2490
2908
2946
830
561
514
214
543
2702
757
2228
1962
329
1501
824
2892
2592
512
2626
2410
2138
589
740
2136
2501
350
23
1755
1623
1565
1025
703
1142
882
1109
1048
543
2798
528
281
1088
858
355
29
1612
272
104
2599
2754
2463
707
1712
1058
1432
2121
900
2553
349
2355
1664
974
361
2020
2791
2637
1271
1691
48
1242
546
2383
2939
1393
1975
1301
257
582
1236
2751
1781
611
732
2606
709
1010
2172
176
2238
2998
1635
1502
2130
1753
1188
227
1089
1445
1565
2102
2404
2415
1940
2935
1495
1224
1446
1447
2803
2936
1796
911
1838
28
198
776
2184
630
2621
615
846
1527
2494
720
1463
359
990
502
2696
852
239
1527
2455
624
2086
1536
543
1180
2385
166
897
119
281
287
1674
1330
2481
921
1222
1044
2187
2610
2242
56
2089
2829
421
1220
663
621
272
429
1956
67
62
790
1055
456
1392
1497
2574
2146
1280
2067
681
50
2489
1135
2525
509
1333
2797
309
2902
2235
1745
1734
904
2028
1906
1164
1569
1187
2238
2522
1622
2105
1506
1693
368
2908
2455
2110
2462
396
1708
135
511
1307
1945
928
1030
1332
541
625
650
149
2779
906
2728
133
9
375
584
440
2806
1596
2527
742
2088
2163
2574
115
2525
2794
2403
332
200
1169
2533
260
1485
2020
12
968
2463
897
44
794
2892
18
1986
1733
756
2712
2948
2308
830
1141
1938
406
1389
1247
2984
1537
273
2280
2040
1509
2929
685
1703
1628
792
700
1774
1300
2468
1690
1650
2185
1643
936
1218
2032
1379
2495
1531
766
2645
1634
970
562
353
1397
1849
2302
10
965
2555
2119
1258
692
1245
617
1053
12
1944
2823
1116
793
522
2019
1447
2249
2515
2260
241
1049
2080
2637
1438
2019
2577
209
2323
533
2238
2980
194
632
308
1322
14
1803
1689
2897
1195
2477
2715
1352
299
396
53
1893
2343
1284
1964
1239
699
578
1262
506
2210
416
194
132
2099
2596
269
2186
582
846
2666
179
740
463
289
882
2222
2179
1860
2645
1676
14
2578
275
529
2879
2853
2694
730
1768
1458
378
2492
1577
119
2906
2747
1843
86
1925
1129
2096
2573
348
689
1941
187
1769
307
1586
486
1782
2858
2160
732
1229
2632
1898
2613
2326
1297
2155
2300
2088
807
1087
2651
1649
153
901
2590
1687
1642
690
1873
523
1565
1067
2332
2321
1628
2143
2553
2293
336
773
2555
2885
1739
2502
1520
2618
470
1236
1971
1459
2884
328
1972
2524
1336
2565
921
2295
2181
2395
2386
2621
1023
2719
1146
399
1958
1593
128
37
2168
391
342
1659
2170
2166
142
1408
299
328
2239
2211
1626
1178
1790
2992
1499
2346
682
1502
1207
837
726
729
2911
1059
1943
1247
3
1064
1400
829
2407
77
249
227
6
448
537
2202
2431
186
2253
1621
2815
1471
1714
815
842
2777
1922
2337
490
1637
1883
788
1267
1524
93
528
2492
897
2439
2817
1288
2092
1653
1246
364
2509
2202
1239
1481
2361
2084
933
586
202
2401
811
1118
1454
2867
1203
1754
2309
536
2037
1063
1558
2943
1106
16
230
1707
613
2158
321
1246
1825
2426
2378
1770
2306
151
2314
1020
1515
1634
483
2433
1353
2940
843
1396
722
1080
2905
2133
204
700
2103
1478
580
616
326
316
2167
161
2446
901
747
213
2974
2460
2303
1102
1277
2601
1771
2180
1249
1958
2626
839
828
271
2332
2061
2403
2714
442
2255
1836
2744
571
1123
2656
46
1397
1667
1876
1268
443
2112
874
273
1562
2575
868
2418
795
1686
1714
1075
627
71
1007
1121
2633
2697
1857
2480
1025
1472
1154
13
1754
1244
1729
2097
2567
2458
1416
2132
708
152
1829
944
2908
758
1449
653
2788
2316
577
1966
2919
1176
748
2163
2488
1054
2285
2120
1785
2514
916
697
2642
405
2673
607
416
2659
1692
516
2181
32
1037
1634
2478
1906
1244
367
1210
153
1980
2787
134
284
2983
2691
1862
1657
316
2883
1303
449
1924
1020
2121
1336
567
908
32
1420
2332
1539
1557
896
157
386
2283
2216
2196
549
2693
1162
1209
1300
1225
2175
763
2299
1427
1649
2583
1403
851
504
2164
431
2733
2413
2524
2538
1485
1350
883
17
2567
2858
1080
316
2526
1442
1581
1902
699
1901
1158
2260
473
1084
553
861
1903
1687
1864
268
79
2054
796
1774
2713
2746
2515
