2
644
577
970
196
288
406
134
523
800
851
724
211
37
437
765
798
666
81
872
678
835
518
187
188
710
429
770
267
942
991
941
658
876
733
705
280
91
33
576
886
703
350
848
376
702
263
565
155
473
726
260
734
590
503
801
401
886
610
544
118
805
740
351
991
32
71
935
585
469
549
412
85
636
731
919
786
757
545
654
696
854
864
672
103
383
618
410
768
119
288
906
84
234
9
379
893
774
190
927
895
18
498
807
500
528
312
978
774
73
246
315
623
952
149
178
700
695
76
843
593
548
68
621
752
626
228
367
244
133
516
468
883
583
863
365
495
536
716
73
76
946
873
200
392
879
526
481
115
997
760
868
967
927
352
857
429
329
630
803
509
275
294
654
746
305
589
689
87
368
923
602
524
705
68
450
439
610
354
825
373
925
870
875
561
68
524
645
957
372
971
576
592
522
836
916
89
921
357
194
859
870
575
915
991
577
439
72
164
128
767
150
940
701
825
820
662
552
375
610
789
453
487
473
940
613
6
306
57
308
610
171
126
845
535
152
588
793
652
570
149
808
300
505
988
809
408
409
466
679
789
933
309
177
106
930
894
223
973
31
720
284
824
100
351
143
689
340
114
950
766
816
643
67
749
696
894
912
172
537
618
677
670
572
402
537
914
35
293
730
194
228
708
654
38
215
806
981
4
737
746
621
818
178
289
249
296
202
10
32
84
979
999
150
124
735
275
653
861
780
324
232
666
4
91
509
622
317
492
527
833
429
991
219
665
892
95
770
875
328
661
967
425
327
769
787
890
596
532
753
730
557
628
811
414
714
518
776
307
835
301
730
472
172
877
98
66
698
670
510
787
613
412
968
943
177
656
313
21
268
490
413
340
915
649
52
234
494
597
8
455
142
431
393
963
487
405
926
19
702
696
451
575
484
574
659
247
571
496
696
813
17
755
40
18
557
239
811
691
43
529
443
588
121
55
509
151
9
241
284
353
516
658
573
133
172
961
211
462
683
25
598
986
741
41
608
302
591
510
225
356
658
995
293
158
970
230
838
990
74
664
533
560
622
820
992
84
858
900
764
124
756
913
81
116
681
240
642
908
34
936
989
303
510
284
295
572
276
65
733
98
571
760
922
881
7
454
355
389
89
492
103
333
294
64
561
317
394
747
455
941
559
706
861
852
185
684
509
471
320
139
222
564
32
874
950
650
33
317
479
223
431
118
577
148
498
145
12
166
974
27
632
356
500
326
438
560
456
109
366
248
645
159
338
2
980
301
973
872
567
377
243
89
378
197
272
242
957
385
418
890
522
441
768
670
101
473
169
467
326
988
966
827
870
882
695
858
520
231
68
67
355
795
730
184
507
200
437
797
583
609
482
792
860
312
450
926
14
95
620
585
300
395
624
686
748
277
321
963
190
952
142
353
646
146
620
24
888
902
155
654
803
532
574
935
510
252
494
902
57
765
992
647
925
435
671
131
486
939
732
344
46
292
292
783
72
901
828
305
739
896
264
715
993
297
941
70
905
726
429
574
209
285
889
94
568
878
498
821
305
756
265
274
18
312
415
935
773
155
400
26
335
349
534
589
172
265
156
821
865
882
236
828
862
537
332
325
451
40
856
540
255
823
658
580
494
261
68
744
771
602
650
856
163
12
87
494
936
56
826
108
313
617
329
424
324
584
30
183
930
921
407
228
277
607
875
200
174
763
583
595
597
764
557
751
333
477
69
406
649
840
544
835
245
896
793
204
569
25
890
702
29
585
514
247
517
363
188
987
159
271
420
655
168
468
401
821
229
689
576
457
881
872
92
819
953
329
868
555
238
598
788
101
223
797
297
910
889
799
505
763
296
757
781
460
911
573
659
453
425
703
825
585
96
289
899
967
491
992
685
125
889
28
587
26
469
902
925
256
892
988
950
630
776
664
474
757
140
950
144
674
832
691
575
436
589
146
742
711
397
490
252
778
499
136
399
40
490
966
168
74
666
539
692
519
976
97
15
584
683
706
397
772
115
205
804
509
677
706
700
685
660
291
687
812
215
188
104
372
303
152
191
174
315
4
22
3
554
272
996
612
757
665
329
165
342
681
630
557
139
980
361
660
943
285
707
418
355
495
118
907
7
360
606
915
462
553
686
344
794
213
692
730
93
92
115
515
898
202
480
240
897
520
272
722
51
615
360
392
659
272
407
428
810
108
767
981
67
878
460
807
203
698
921
882
315
673
331
100
638
504
521
19
966
456
645
700
652
741
12
98
788
734
756
113
315
665
317
398
491
369
982
210
351
452
156
154
560
744
347
432
293
235
325
308
629
786
315
853
244
768
581
678
78
454
284
274
50
436
989
818
805
519
831
733
971
598
882
111
363
763
971
122
135
466
797
873
888
919
935
796
377
10
26
516
540
961
209
352
251
596
653
36
360
597
852
971
297
351
213
384
773
44
340
2
873
448
345
484
145
459
440
682
124
817
77
949
110
596
870
161
896
974
611
767
595
557
742
242
668
963
744
506
738
731
59
491
821
621
303
810
141
254
745
631
797
646
225
230
151
611
987
379
981
186
148
673
101
209
873
141
364
922
668
1
724
24
593
214
296
871
607
570
148
677
699
414
918
377
953
737
202
527
183
294
62
18
330
632
939
628
375
347
705
398
133
719
595
661
913
868
283
44
713
934
405
173
293
383
442
891
226
437
983
730
747
796
29
63
48
267
199
823
462
677
395
936
854
423
738
642
383
345
337
699
773
171
805
45
112
647
223
886
224
600
643
328
654
616
141
599
320
718
813
651
15
394
119
406
971
627
438
209
902
94
742
121
59
550
839
494
37
510
733
952
327
756
260
252
827
829
309
730
839
669
623
982
406
760
381
197
161
683
505
71
299
745
918
576
632
485
776
912
203
146
36
890
350
911
594
610
657
585
627
764
767
617
691
114
582
844
607
666
1
114
151
883
969
973
81
823
267
941
111
419
201
530
4
285
30
6
89
286
770
113
156
851
784
403
863
438
391
575
485
830
573
210
112
973
771
616
143
871
627
78
246
656
532
624
789
326
760
633
120
797
41
956
955
862
391
983
583
351
163
52
559
317
327
853
30
321
165
49
878
990
684
152
431
821
310
801
541
876
577
993
500
393
864
470
360
528
451
452
955
427
537
94
77
558
192
614
72
785
604
794
324
967
392
667
955
963
219
530
379
797
392
107
222
408
664
565
525
820
988
321
60
826
542
52
85
238
936
84
814
579
180
395
440
616
611
769
580
519
717
303
609
519
480
283
471
867
667
695
193
585
241
36
515
960
926
857
767
988
775
465
358
999
508
530
16
536
279
903
232
108
486
821
196
861
215
825
866
334
917
106
739
427
954
759
291
412
734
333
49
331
235
401
716
404
875
386
827
122
834
703
941
567
140
420
483
104
53
992
966
19
540
329
443
846
928
391
771
95
137
750
433
885
262
73
431
442
628
271
45
822
889
150
25
240
178
753
160
308
769
217
17
126
264
918
29
615
817
840
69
674
513
627
100
799
582
527
455
525
814
486
891
646
154
967
532
525
188
720
483
889
942
562
958
459
181
450
443
419
180
555
592
224
773
791
251
460
310
271
275
559
76
441
545
924
608
269
930
657
302
652
747
438
690
433
667
270
767
761
888
739
773
293
848
150
944
683
703
430
813
100
287
923
792
26
303
318
922
462
39
752
896
737
2
791
657
542
467
370
150
446
105
979
99
147
519
350
994
911
732
648
820
196
424
693
465
226
982
75
132
394
226
93
551
705
24
351
245
119
870
472
621
598
905
859
210
819
768
632
915
56
170
876
780
452
33
123
368
989
583
543
564
754
841
677
252
753
536
661
102
373
587
800
407
803
951
43
747
147
802
374
50
730
748
391
474
70
998
368
435
348
191
923
3
720
904
996
844
733
676
221
859
204
771
937
682
380
791
24
245
876
690
447
670
879
692
937
876
390
117
467
399
785
137
284
120
860
47
86
735
577
719
565
109
166
522
933
838
880
140
257
678
682
423
371
809
342
566
917
261
981
730
567
189
852
403
815
139
280
699
810
850
980
44
578
651
677
637
653
0
823
414
546
255
451
227
738
336
654
370
840
568
977
591
401
567
39
282
342
767
25
526
402
837
329
354
70
967
483
611
379
792
695
506
675
471
799
131
872
291
100
878
21
10
665
0
17
22
888
280
77
363
726
119
257
520
887
149
594
964
369
888
668
353
191
828
292
403
850
776
747
458
25
243
522
933
318
171
752
911
367
281
636
359
503
935
967
604
219
441
520
953
121
363
449
605
705
584
41
259
256
478
148
198
388
833
352
925
286
865
467
851
485
945
292
937
112
482
616
625
878
727
357
893
737
132
377
771
77
307
952
176
474
545
93
528
565
327
910
181
332
262
13
361
161
372
487
950
345
757
319
159
329
208
321
866
891
490
438
137
585
642
69
265
293
839
490
446
410
66
685
108
219
90
972
751
342
9
587
93
676
939
9
276
139
260
160
821
643
190
797
75
186
374
334
912
604
590
58
516
555
639
201
192
544
998
621
266
369
803
896
330
169
324
480
241
396
149
222
554
401
935
907
301
12
715
725
325
425
456
488
694
969
733
210
100
830
182
172
479
600
611
910
563
618
514
677
468
400
7
777
946
134
133
854
403
113
832
635
331
178
842
862
406
763
229
146
47
857
264
240
929
275
858
828
556
953
855
232
727
588
48
591
449
834
901
965
595
446
633
508
426
211
459
315
878
247
541
811
403
256
416
576
14
632
441
313
110
885
127
262
599
717
36
745
817
227
311
659
744
126
797
725
70
575
140
951
719
231
216
330
556
339
735
42
133
281
891
493
482
808
483
401
174
294
11
705
96
735
891
549
631
910
56
734
237
45
903
8
742
587
776
344
19
190
871
839
79
816
775
232
60
948
633
94
10
253
252
646
859
687
382
794
470
948
727
433
211
397
263
273
52
51
815
455
793
1
902
987
678
688
359
625
289
762
288
136
339
895
502
23
687
785
730
704
671
771
499
810
636
931
798
748
368
277
339
923
977
659
459
48
681
322
508
770
836
588
846
464
514
58
434
391
910
810
347
590
862
537
457
821
812
247
960
562
605
147
368
616
625
582
106
107
907
481
849
765
21
543
329
193
720
554
371
474
588
588
601
868
152
523
371
525
245
268
140
141
706
324
775
199
863
807
958
999
635
891
179
977
483
674
576
910
924
849
259
494
749
201
578
410
647
867
225
470
441
515
980
618
714
59
381
588
243
326
568
786
242
103
115
542
110
357
675
213
81
992
884
733
873
449
76
148
222
566
1
324
959
630
940
502
108
245
302
641
357
674
42
483
99
616
9
132
206
945
657
499
588
797
341
361
628
561
855
928
529
712
708
760
704
154
107
589
380
723
545
105
695
765
421
38
711
243
102
955
914
671
433
7
987
272
756
504
856
159
144
607
271
991
670
590
479
546
260
132
860
839
849
816
758
979
309
560
107
726
930
23
894
792
980
105
920
302
256
568
805
465
387
413
715
423
51
150
779
464
187
252
803
249
779
141
415
501
742
795
483
612
984
652
241
994
783
834
332
578
184
804
620
770
247
541
459
357
643
930
842
283
241
604
709
975
78
676
518
903
320
850
94
363
614
229
660
38
522
693
928
777
576
139
73
140
855
9
451
712
897
462
946
874
162
294
912
709
252
192
758
987
580
180
395
729
190
214
887
660
10
683
873
997
874
239
551
382
310
761
251
473
203
450
955
626
134
41
398
370
423
831
776
867
623
806
433
365
507
403
364
721
381
597
750
431
900
835
290
254
434
17
552
433
423
159
118
722
102
593
896
911
418
555
525
308
990
797
489
699
441
435
161
606
531
557
760
302
75
291
865
924
768
877
945
184
676
42
120
662
333
396
195
371
118
838
881
313
788
998
966
49
859
550
149
873
803
807
180
45
887
428
916
689
829
174
934
363
365
630
373
37
232
502
735
185
48
614
502
960
65
6
537
994
774
601
423
154
929
751
66
732
611
593
143
930
604
575
206
144
466
661
572
556
404
739
427
736
228
475
935
489
437
396
531
991
755
310
972
302
215
243
205
759
282
984
536
328
305
936
143
982
54
467
485
318
968
124
734
163
260
115
984
638
965
204
577
239
580
776
608
794
984
132
322
772
910
217
862
325
373
902
595
604
88
606
6
337
120
531
6
415
681
28
313
228
277
649
496
805
147
239
133
376
258
43
531
849
953
149
399
835
720
761
889
257
445
749
453
318
947
602
50
559
550
453
312
7
949
112
442
986
631
81
764
965
705
426
43
935
37
949
925
206
239
546
102
193
197
808
112
679
489
912
967
333
300
571
202
728
127
366
292
930
887
91
808
800
817
839
118
513
921
422
946
434
552
386
574
420
148
324
38
825
54
390
226
953
825
951
400
493
407
50
291
501
113
972
579
836
359
494
266
545
723
576
190
622
6
114
677
693
616
100
102
678
784
977
995
169
832
245
127
335
955
400
941
403
753
98
579
399
49
41
708
646
386
445
338
693
934
112
828
754
463
87
288
442
462
545
720
569
431
139
269
58
890
223
143
542
657
526
914
84
504
615
73
517
400
161
9
353
145
420
759
828
376
510
243
637
580
61
956
138
981
541
486
323
904
127
589
649
485
253
968
901
421
118
359
625
767
276
995
302
684
84
34
367
404
264
73
368
652
0
442
59
187
38
576
985
143
998
404
143
370
722
331
680
21
768
130
136
228
330
749
697
827
760
812
41
737
534
391
848
779
16
432
773
440
581
81
678
327
727
37
256
816
587
965
716
734
879
976
92
726
677
118
860
337
570
866
981
739
692
614
180
456
849
276
282
416
441
150
656
133
189
402
393
866
718
630
669
142
911
213
843
130
551
331
246
959
197
849
274
228
420
516
371
644
497
247
706
920
399
647
876
816
467
270
758
500
458
560
716
161
754
841
730
202
392
229
650
175
246
813
706
13
102
17
615
79
627
620
87
976
195
515
336
86
335
914
217
299
136
377
949
485
267
742
13
820
414
758
671
206
839
972
754
672
450
239
814
833
241
2
447
181
223
383
665
235
980
995
418
346
823
275
22
272
74
143
50
444
428
696
422
259
475
719
830
586
397
800
351
134
592
911
93
290
478
429
954
511
985
705
159
391
343
434
54
83
598
312
735
838
913
646
498
32
125
896
771
221
221
363
118
424
348
605
171
68
754
488
848
749
550
162
7
249
527
697
778
70
355
515
168
38
337
267
178
461
590
306
589
659
936
431
786
674
7
161
472
379
87
412
881
238
975
49
163
466
730
492
937
416
493
221
596
576
729
758
897
724
102
484
458
384
923
399
336
950
562
804
491
536
452
684
62
857
386
505
586
221
580
5
937
20
580
556
588
943
498
600
948
492
173
709
960
310
815
850
823
223
417
485
728
892
711
276
714
443
713
268
354
482
995
603
746
441
646
6
464
314
509
532
455
428
706
276
577
64
627
103
414
433
553
714
246
686
810
758
561
423
914
67
288
419
438
505
41
81
473
372
982
518
398
796
575
938
338
8
434
520
146
10
648
804
938
634
479
137
222
660
60
686
458
262
817
57
426
708
611
627
136
973
263
251
148
614
965
175
48
24
293
582
560
5
973
408
199
353
281
792
644
83
996
709
48
735
98
184
288
158
3
737
791
101
975
555
910
928
493
288
9
758
798
210
342
401
512
976
530
523
239
115
947
557
311
935
601
35
382
508
177
172
423
980
714
725
760
532
71
387
200
920
690
220
965
712
388
938
92
962
865
170
225
337
366
155
197
400
476
768
635
64
325
114
886
26
595
446
920
313
579
576
512
966
207
518
923
267
395
584
514
859
284
769
201
548
954
849
429
604
949
235
403
874
555
315
613
81
76
698
343
283
513
508
701
566
929
625
916
714
499
575
84
759
687
578
276
41
271
124
954
643
943
330
933
851
36
245
685
578
539
206
686
544
902
353
597
362
327
390
537
579
157
723
381
170
701
215
12
911
335
835
728
580
3
677
540
955
297
939
938
113
151
687
805
642
801
431
551
997
79
808
225
362
283
954
284
76
851
485
979
893
816
322
799
74
527
22
223
607
480
668
112
637
147
807
434
529
607
441
648
864
421
538
10
64
626
115
247
253
972
464
560
464
482
765
651
255
241
878
539
338
854
863
256
892
378
383
120
789
636
947
165
112
749
669
501
975
412
13
824
830
876
824
10
182
899
798
785
849
926
413
713
702
570
287
372
100
95
836
401
104
937
117
285
891
476
733
135
702
221
721
440
107
263
414
756
284
373
368
558
557
398
591
15
430
671
456
315
902
992
899
233
978
371
706
61
855
127
976
666
453
124
120
418
613
892
87
958
529
147
847
270
678
735
567
370
838
353
316
945
544
494
568
680
699
928
291
626
918
700
872
910
568
67
700
256
423
992
782
310
294
849
388
500
985
751
329
232
488
469
162
526
321
299
306
833
568
298
756
652
245
261
892
738
302
502
605
145
721
927
852
100
918
189
542
696
854
728
583
701
87
292
814
373
259
168
499
2
361
694
31
69
513
802
517
318
858
276
934
748
612
112
641
515
296
900
111
7
635
393
903
887
654
524
37
752
58
963
160
137
54
922
72
19
407
339
510
610
669
757
289
223
187
181
318
192
726
943
265
372
283
142
116
534
917
549
217
32
278
939
880
517
789
705
100
74
369
269
425
109
928
226
569
500
835
396
949
30
2
943
898
861
232
522
950
885
981
951
278
82
779
283
35
673
98
250
85
695
605
970
381
834
374
506
20
799
808
315
835
240
758
895
240
256
520
955
918
800
226
263
865
921
409
905
242
576
368
72
482
944
331
654
76
579
319
846
535
412
36
710
81
658
65
103
716
888
165
718
466
127
469
985
755
619
943
478
57
60
564
66
215
448
274
469
50
399
937
58
198
723
184
726
435
290
273
381
59
731
795
168
361
315
371
833
538
442
268
724
935
510
195
825
915
607
427
851
207
356
789
895
86
483
974
301
359
130
109
496
669
729
516
224
335
287
93
259
538
256
828
963
430
788
541
214
403
59
47
132
579
513
613
691
313
334
741
830
363
204
19
867
221
393
47
89
974
558
203
200
986
175
306
893
652
414
113
193
425
393
905
382
343
177
349
241
328
587
253
78
583
884
763
510
530
628
90
231
862
597
835
92
438
460
567
637
970
0
383
883
640
107
790
523
88
388
425
936
468
240
768
346
610
441
262
233
657
828
957
609
970
455
94
126
457
668
844
30
965
927
743
891
852
823
259
672
329
669
288
146
750
259
353
889
567
849
690
85
272
209
447
154
303
624
717
761
527
52
177
159
637
277
735
881
500
747
634
752
278
15
188
856
920
98
444
574
441
843
820
51
263
396
974
489
783
161
973
477
233
212
103
155
856
13
513
395
387
383
261
337
857
136
208
548
755
475
662
805
662
223
619
997
598
261
936
916
398
53
829
790
677
991
591
231
66
411
567
924
671
492
3
759
968
952
547
332
604
396
874
678
931
411
91
868
432
10
350
636
591
837
351
505
158
626
234
974
243
741
691
228
98
308
995
458
5
333
53
336
192
431
508
402
296
256
376
134
473
517
722
231
901
469
364
228
89
149
687
881
96
195
203
910
487
995
645
590
624
98
6
336
665
235
116
964
490
90
88
486
586
916
173
389
855
438
359
126
171
35
353
155
520
70
415
237
466
365
885
870
759
251
145
639
888
326
188
40
499
32
916
782
658
434
819
883
110
139
647
932
821
101
323
740
304
198
352
209
458
832
669
684
888
480
958
220
993
109
214
167
400
547
466
246
706
480
392
797
846
487
773
206
836
654
566
613
81
627
725
880
913
631
728
436
552
897
209
102
178
146
0
148
435
248
354
907
237
979
122
5
403
790
166
844
325
897
366
327
534
551
145
933
799
277
569
153
115
33
720
993
751
687
229
727
343
955
556
306
861
962
856
900
178
861
51
836
874
569
8
793
853
490
596
499
334
277
725
334
790
78
407
169
435
439
277
499
937
998
995
431
149
403
439
367
763
393
604
277
975
851
723
329
432
723
157
228
968
92
259
59
898
379
558
606
908
594
272
75
934
774
395
924
744
303
338
14
338
571
360
621
694
515
868
945
829
967
965
610
627
348
512
334
388
179
370
364
606
102
414
498
35
552
368
518
722
30
518
649
313
944
870
195
598
319
373
883
971
308
444
548
190
300
106
701
603
612
726
226
769
194
532
908
251
529
760
739
201
904
570
7
218
542
608
954
924
661
422
410
600
380
767
178
229
543
192
83
297
945
230
574
738
159
902
458
487
137
252
852
202
34
85
729
846
244
130
492
6
478
398
856
988
800
577
941
993
973
956
892
899
73
489
527
505
367
309
477
367
596
195
53
761
406
277
586
646
397
479
301
943
391
66
902
882
845
960
902
642
999
364
381
36
262
647
325
511
543
359
885
314
721
714
922
285
219
867
961
359
682
841
277
527
111
15
125
713
382
664
326
735
8
169
244
291
140
162
963
689
294
46
862
879
980
46
111
168
472
201
573
917
235
458
482
412
83
346
785
50
52
565
494
966
71
158
470
226
942
845
71
770
880
560
758
324
793
136
298
647
803
631
457
579
13
777
151
538
387
607
864
301
699
392
778
142
911
652
446
647
2
136
54
824
239
358
260
445
97
487
381
915
572
139
190
326
415
867
951
804
890
987
358
670
50
690
960
430
111
262
308
119
498
641
469
58
264
470
809
653
142
248
919
478
201
212
368
499
145
65
492
992
642
751
817
361
645
48
806
832
578
885
545
735
442
912
665
871
324
67
260
307
556
560
838
770
758
970
337
696
335
895
81
938
527
929
134
30
22
563
883
926
254
957
853
129
929
477
662
142
44
273
804
288
642
156
368
9
799
542
165
907
913
214
735
955
160
256
585
490
142
560
637
850
77
954
232
749
621
128
289
787
320
228
127
831
939
198
246
312
450
689
876
912
216
628
438
507
43
356
122
667
74
565
705
537
195
145
345
365
501
449
563
549
603
404
829
602
28
378
157
49
744
684
922
918
866
145
651
131
955
187
909
802
922
520
496
199
426
588
116
843
857
599
326
53
418
166
85
30
585
260
435
460
213
435
912
453
880
82
69
610
610
724
111
906
9
259
5
67
972
384
586
159
530
342
130
96
140
585
564
884
685
873
6
510
719
864
593
505
46
226
632
398
551
901
942
462
307
222
888
370
379
180
13
664
405
337
367
203
18
502
593
103
365
560
585
4
544
528
72
917
534
234
781
288
301
798
946
384
115
426
782
577
748
916
224
602
157
659
655
419
450
846
570
872
422
71
125
943
727
500
298
28
770
300
970
339
764
78
542
215
992
686
877
876
201
828
220
877
241
591
472
359
506
189
633
958
472
904
508
138
649
493
789
562
549
52
422
47
871
679
812
586
938
87
736
913
589
699
28
70
137
652
39
507
706
566
569
282
256
906
497
68
871
235
604
772
409
718
138
769
484
749
544
917
824
697
369
778
457
359
803
705
843
876
454
762
38
538
985
752
195
112
928
990
223
96
580
830
243
527
160
395
540
838
517
374
73
544
551
237
251
439
178
762
615
353
77
234
240
501
722
341
195
846
158
302
137
965
802
470
172
369
74
272
456
331
46
68
588
831
395
222
787
366
872
451
968
2
160
299
319
254
514
416
704
59
762
152
236
375
333
878
662
704
771
374
773
144
769
517
937
407
174
562
956
620
538
222
910
608
737
887
326
812
914
318
16
928
476
296
173
877
192
838
888
714
457
727
59
655
688
343
780
488
389
969
690
233
867
36
440
106
751
39
384
466
447
188
829
698
400
213
712
669
581
116
359
714
911
85
60
899
461
228
554
624
96
277
173
538
942
879
293
106
442
699
959
101
34
52
49
781
437
462
72
471
362
109
782
811
994
844
92
1
937
121
398
922
471
922
304
173
837
529
927
684
982
763
383
756
654
145
844
97
992
293
508
650
787
731
180
805
406
226
699
867
951
688
337
513
635
683
406
330
474
574
772
409
353
379
635
440
257
490
955
668
920
506
153
599
473
559
262
354
697
691
549
124
362
19
714
275
726
662
190
255
721
676
721
625
487
493
358
194
932
733
246
467
721
566
100
358
628
222
40
373
527
620
580
305
343
580
867
797
217
524
967
3
749
91
872
986
647
647
137
403
323
213
513
509
985
958
741
494
534
42
698
699
169
229
405
291
921
421
63
605
491
978
108
435
632
432
524
237
59
27
25
364
288
299
537
195
90
800
358
226
270
929
708
993
274
747
959
996
768
624
675
629
657
516
761
472
197
690
416
244
799
761
312
95
820
966
393
913
150
704
951
800
690
519
202
898
877
838
397
309
240
12
619
921
628
396
805
591
133
495
224
280
927
467
557
401
212
623
5
875
204
884
333
115
653
568
586
449
657
275
246
279
667
102
25
627
438
880
69
583
337
637
304
555
867
50
855
187
466
195
946
216
672
519
465
602
499
591
411
728
444
857
802
556
893
307
178
209
813
715
790
548
523
831
682
0
45
751
366
19
967
449
505
337
45
360
37
345
774
757
491
770
978
590
782
80
69
394
692
907
995
872
326
151
68
735
299
295
769
444
88
944
389
574
979
503
832
594
316
461
214
29
269
724
921
105
222
14
686
183
942
468
812
532
119
117
119
214
507
157
367
186
880
544
866
13
241
682
759
952
222
725
964
554
437
255
111
331
624
943
875
506
746
110
998
317
905
988
943
858
805
868
565
10
741
257
407
537
538
646
213
71
671
445
64
306
805
208
74
419
361
299
936
409
295
741
765
779
176
120
531
749
841
58
129
977
328
940
556
579
549
311
937
103
161
587
171
979
416
510
781
916
322
63
138
605
332
434
626
135
894
936
451
478
648
740
740
474
737
678
312
810
691
333
980
574
608
155
539
128
917
326
661
185
813
693
753
180
587
142
466
251
451
424
949
409
140
588
133
760
521
850
293
969
673
955
891
499
433
813
243
556
176
473
852
79
704
317
346
545
451
669
858
878
882
894
303
199
858
472
482
764
969
444
150
942
305
99
165
738
900
763
664
964
152
71
717
865
835
173
321
645
915
891
644
137
326
971
423
562
956
239
28
133
630
618
232
92
551
711
942
607
701
869
207
836
10
452
601
396
656
294
701
405
744
224
746
257
739
855
707
288
452
747
968
530
85
514
501
835
835
357
948
741
796
38
286
582
490
319
835
533
134
447
180
441
908
345
246
556
854
812
143
507
715
145
588
184
973
325
700
476
595
67
697
201
496
838
550
931
528
151
3
819
900
324
401
12
267
161
700
677
395
934
656
207
212
407
642
684
265
600
764
278
94
430
933
837
802
381
356
572
120
862
443
402
647
980
507
223
499
29
716
79
539
134
720
0
501
112
995
29
789
818
486
801
471
938
331
896
993
446
502
45
445
705
12
208
781
516
921
480
279
224
770
765
624
400
203
141
470
479
497
925
4
194
433
474
47
582
437
886
462
854
204
885
226
435
90
360
321
28
396
195
715
664
280
271
118
294
471
789
836
647
122
335
26
745
112
430
882
695
870
680
800
98
318
8
358
709
843
859
46
784
296
738
22
873
925
902
824
706
744
532
885
209
353
274
897
604
382
577
581
49
765
884
138
213
826
360
766
749
726
498
896
670
142
643
456
204
220
214
345
852
694
144
464
992
812
859
118
582
123
937
348
198
470
442
731
907
556
803
531
247
249
40
621
877
400
60
496
311
334
754
797
524
302
610
227
92
147
605
415
983
146
218
293
71
494
497
795
936
164
258
253
523
980
640
683
837
520
462
273
863
163
42
769
596
955
388
127
153
161
974
768
665
364
644
987
823
699
505
595
727
361
99
673
931
808
517
400
415
227
597
250
521
651
808
533
771
806
925
158
904
203
174
687
359
200
38
269
923
753
591
779
258
386
790
539
516
447
877
351
345
64
693
154
149
360
473
514
581
367
428
351
935
797
203
730
224
261
146
299
501
819
160
970
181
743
783
722
923
201
88
21
919
177
911
155
291
292
893
990
643
371
876
13
734
524
151
284
669
243
221
867
944
507
760
598
200
168
651
591
553
965
100
702
926
356
50
300
890
963
337
65
154
869
288
226
967
162
747
587
411
105
847
944
741
67
191
990
696
863
490
623
972
492
117
646
839
329
501
190
252
719
724
874
647
584
242
582
13
64
154
0
790
478
23
494
573
836
864
705
602
973
550
278
564
897
525
457
256
298
452
912
273
312
109
47
989
512
638
185
741
796
21
535
333
331
488
523
665
934
413
124
532
311
135
113
444
415
59
747
587
731
340
221
904
720
421
421
632
778
718
888
547
16
777
629
568
891
304
392
376
213
555
281
153
338
740
150
610
413
230
33
993
400
557
968
871
215
443
3
117
736
328
789
635
613
182
165
84
800
681
364
42
451
199
956
814
389
445
499
354
647
996
885
572
674
403
784
647
689
50
181
819
321
439
972
549
89
123
751
850
537
60
417
77
795
809
9
421
150
554
218
915
771
685
328
801
57
290
6
671
224
696
182
956
653
914
505
953
189
661
242
774
79
439
296
313
464
11
969
562
388
489
440
393
96
166
491
225
978
197
863
817
911
148
793
832
890
520
675
667
792
332
513
518
818
953
820
595
692
459
866
886
928
929
735
899
599
279
502
388
834
374
904
113
924
469
314
345
330
197
488
947
37
693
486
561
725
706
438
628
922
936
323
725
877
208
731
967
180
497
646
33
273
296
677
713
840
257
775
732
760
577
412
19
713
118
404
515
765
843
31
69
258
725
893
973
106
945
981
208
174
858
755
531
743
865
663
115
210
129
394
573
66
747
366
857
891
851
356
684
563
889
973
873
154
210
641
209
976
949
81
220
107
133
866
574
276
868
454
631
381
455
295
44
78
267
964
221
804
297
47
881
319
319
434
890
367
745
985
78
313
350
40
743
706
251
111
111
529
679
187
106
567
347
464
412
677
439
14
936
986
575
828
492
970
392
935
705
149
756
783
911
642
997
895
70
157
971
878
540
77
212
220
891
171
888
963
792
147
817
251
423
655
315
969
784
612
230
156
737
696
108
668
606
656
95
583
698
616
805
199
143
947
126
66
59
355
624
392
145
777
981
341
484
344
705
180
476
155
144
989
580
843
711
636
749
951
100
56
241
966
190
408
777
417
282
572
875
862
297
602
529
711
550
115
332
785
787
391
546
249
217
843
602
8
384
881
996
998
862
651
583
823
912
33
809
46
441
353
518
88
828
654
601
55
448
70
878
47
9
770
301
440
130
207
785
393
960
887
692
375
10
706
290
801
780
954
309
972
224
468
51
401
555
36
368
228
423
104
254
915
21
3
682
590
243
444
825
427
653
758
755
242
600
432
262
16
546
795
486
449
313
351
636
715
719
119
186
562
812
518
604
526
720
817
836
541
924
857
472
465
663
811
794
68
3
26
643
848
78
576
376
634
906
999
10
310
196
871
13
159
557
251
114
253
552
752
924
29
127
988
127
728
40
407
491
611
51
46
978
946
787
614
780
633
419
391
199
902
485
822
910
990
473
379
291
837
60
186
187
850
221
179
686
510
792
46
223
143
422
21
622
491
295
670
457
787
446
178
494
968
944
272
791
248
765
855
498
775
676
614
258
276
71
373
635
612
247
696
941
930
286
325
391
699
359
349
557
214
954
610
663
314
273
755
424
951
791
503
736
946
777
166
727
718
366
170
396
48
659
382
293
957
197
294
479
589
47
752
311
597
747
718
428
896
249
749
682
797
84
263
675
505
976
385
951
642
196
138
919
988
77
26
3
907
232
594
605
981
158
372
972
226
163
742
180
894
715
640
47
262
615
680
939
7
674
251
125
733
885
361
530
951
447
533
496
389
384
838
428
764
892
243
0
287
29
814
951
31
812
933
353
955
310
652
635
799
857
455
586
312
67
251
22
256
976
124
771
414
206
453
199
398
782
343
502
401
869
888
634
146
466
715
798
222
818
419
136
646
141
924
383
1
19
601
2
717
742
927
532
124
696
805
672
678
855
242
923
417
355
921
450
14
122
365
186
996
526
808
115
622
75
594
88
635
233
889
487
589
554
812
560
768
446
557
260
738
66
999
980
451
11
304
670
418
731
515
431
899
826
729
827
240
685
435
862
431
254
838
747
762
63
480
341
931
28
297
440
315
961
315
851
174
167
541
586
468
985
267
309
599
633
911
636
834
271
728
763
400
750
217
397
211
122
797
942
12
641
399
413
253
610
930
619
352
167
182
726
177
800
650
460
406
149
903
807
199
461
586
315
14
850
900
748
690
397
383
135
950
996
143
12
263
769
273
952
641
817
1
330
278
54
334
633
131
882
311
529
468
500
728
320
119
716
170
396
680
224
448
775
200
463
88
855
936
312
361
50
622
93
428
63
297
572
591
195
183
912
296
203
249
806
508
920
103
376
276
71
583
725
879
425
965
461
681
757
995
898
951
827
91
94
232
991
876
362
507
876
928
407
315
969
10
763
184
911
308
802
237
728
171
163
578
235
670
98
135
383
810
898
935
352
602
247
446
797
339
97
445
772
283
389
111
495
711
769
445
308
697
239
898
895
279
558
48
60
693
66
538
158
150
564
994
537
256
760
555
251
519
853
758
598
576
753
962
5
687
536
188
157
768
784
237
265
754
539
228
847
336
779
230
424
200
454
494
78
740
327
919
930
827
96
745
184
646
531
172
559
783
639
536
597
719
216
920
542
651
464
584
251
60
766
413
847
814
107
636
640
618
81
460
190
572
914
871
231
193
410
811
592
738
307
118
178
866
73
106
538
677
774
443
518
959
314
26
73
24
959
858
296
871
798
588
383
536
502
222
310
386
498
714
689
820
481
593
421
302
983
503
511
892
604
581
606
487
357
858
636
801
524
481
217
686
354
386
326
790
902
222
113
709
342
718
622
706
102
419
631
818
244
674
769
648
647
58
565
436
619
919
116
64
812
609
609
497
424
36
24
770
983
592
952
69
193
160
631
619
665
884
963
65
651
593
507
794
259
309
160
165
8
58
545
937
2
282
904
276
442
505
638
595
681
563
515
146
522
617
956
711
15
378
734
969
574
449
904
115
824
476
748
76
251
830
67
257
366
871
196
70
800
469
703
642
480
336
861
997
789
902
618
696
397
917
987
397
292
704
471
31
362
999
406
342
794
614
840
336
444
728
929
794
305
500
602
363
151
798
676
905
457
304
454
735
748
915
302
72
566
396
641
546
390
452
303
884
936
984
198
968
461
89
837
272
883
493
280
359
734
481
769
486
262
83
396
570
251
215
865
738
474
698
617
438
33
626
328
601
225
323
56
687
6
220
133
520
530
349
219
701
777
772
830
40
726
214
7
905
131
357
775
575
485
720
463
713
381
872
968
843
101
694
569
277
950
817
946
296
522
903
657
500
818
380
423
151
924
379
259
42
701
104
613
861
792
568
454
294
104
683
430
143
781
958
35
531
624
655
11
883
863
106
52
730
124
43
243
543
506
209
568
767
661
220
252
894
887
647
668
973
310
535
21
192
407
142
58
258
237
491
604
131
992
457
810
298
671
495
614
182
953
779
77
479
649
489
921
150
395
217
829
602
656
970
770
67
436
55
952
545
550
206
737
748
739
680
250
366
385
673
240
627
106
351
184
577
32
994
521
703
150
203
403
546
707
936
306
709
280
159
397
261
801
215
589
838
523
661
823
922
624
180
208
632
923
367
329
93
960
639
183
887
524
242
945
372
548
371
987
652
199
686
350
820
877
105
200
693
815
620
584
601
915
999
237
2
499
691
24
575
662
923
88
211
7
998
692
801
643
44
268
996
441
5
199
190
734
542
405
833
832
549
911
758
937
456
179
693
335
103
136
222
992
965
528
526
37
712
405
901
946
637
336
638
636
245
172
148
75
419
29
293
500
890
476
786
760
425
771
162
851
44
417
268
229
781
215
440
76
8
470
533
263
85
980
751
436
156
991
791
268
254
318
169
653
465
462
691
327
799
638
977
153
604
289
615
126
804
852
982
944
952
235
53
859
164
720
507
407
231
786
296
521
840
632
402
489
658
34
910
191
194
537
662
52
773
876
714
203
661
943
514
392
353
611
248
320
324
179
59
171
76
245
926
306
145
382
820
272
845
58
383
499
917
867
804
329
927
282
707
299
198
852
904
937
322
916
542
666
779
716
764
796
24
24
292
29
459
220
429
289
73
76
879
230
174
412
401
250
573
132
801
370
753
127
934
937
79
965
439
704
844
293
667
441
7
408
859
957
799
474
955
52
994
515
560
678
534
347
473
337
346
344
907
534
679
53
966
923
2
419
216
648
520
611
221
242
672
209
706
385
551
843
627
754
45
169
805
188
640
489
904
380
246
168
525
371
122
470
860
174
941
381
874
972
331
476
270
460
747
935
534
64
374
326
226
971
874
908
285
142
170
794
553
707
138
467
874
471
43
839
137
551
767
234
331
523
414
433
273
869
666
187
928
871
351
419
368
617
29
655
280
192
51
111
601
697
488
246
279
231
495
550
395
573
184
745
871
882
851
636
786
396
429
321
861
735
384
550
47
148
880
604
249
749
920
183
157
550
362
441
802
902
141
490
972
747
776
401
838
972
261
979
184
18
727
356
455
805
845
768
425
18
806
687
659
715
835
898
110
303
667
942
127
889
38
852
865
148
322
9
585
923
633
468
644
898
305
129
992
878
477
678
873
378
622
297
45
473
240
787
228
96
642
883
697
296
652
205
889
245
346
540
665
175
415
849
367
780
584
703
167
67
542
637
258
38
261
254
343
114
171
780
518
686
604
171
90
728
139
801
99
985
923
223
283
845
851
485
60
630
527
25
603
728
220
186
486
662
707
31
452
932
724
203
819
219
943
270
662
334
868
143
449
117
737
887
991
336
567
478
662
526
757
830
608
629
259
741
289
229
171
218
60
152
764
31
662
242
358
228
424
110
191
793
711
775
385
563
631
194
406
50
321
801
926
804
181
379
875
530
271
735
524
242
715
921
888
386
370
973
359
968
179
441
474
443
640
305
934
320
537
222
520
164
623
436
335
987
274
92
901
784
189
145
978
341
145
538
635
294
411
815
3
811
903
905
367
223
384
344
724
366
973
838
703
405
68
698
798
429
298
318
186
173
501
602
17
780
829
942
950
679
997
123
891
265
384
316
331
266
156
150
427
392
839
688
979
101
796
35
763
103
885
211
246
497
153
876
576
320
821
450
895
618
945
221
411
54
101
23
410
522
145
182
349
162
610
503
438
705
570
215
680
56
894
954
159
621
618
69
474
943
817
737
612
843
768
671
228
402
357
461
257
819
681
928
990
363
535
213
325
412
998
719
618
819
673
431
721
667
187
573
91
816
481
74
531
487
39
785
33
563
669
945
407
182
653
982
846
699
84
302
374
46
14
384
133
65
563
149
839
450
511
269
303
513
12
816
838
92
984
394
529
604
396
718
804
389
168
376
467
233
642
425
399
178
603
291
390
515
662
414
187
168
386
986
660
484
969
131
183
851
343
867
681
439
624
252
573
792
474
161
760
983
459
265
126
502
782
911
526
96
828
751
97
340
801
201
817
779
341
991
642
120
464
372
204
109
302
793
46
374
120
228
549
769
842
641
285
467
821
490
270
347
946
576
717
994
218
993
216
9
864
407
930
158
663
398
309
317
622
161
34
67
370
398
375
302
602
874
942
148
730
699
813
78
427
122
406
106
120
253
14
574
601
909
862
136
821
518
695
205
658
794
354
314
872
743
558
537
756
391
88
373
978
520
923
275
974
611
383
288
800
129
265
131
756
288
67
384
242
408
793
393
244
51
604
882
572
166
495
260
465
590
480
99
475
389
317
258
589
675
627
728
395
740
355
308
747
577
946
893
749
112
257
256
113
757
184
924
875
235
225
938
234
949
719
38
799
586
275
91
830
29
28
374
185
120
673
681
530
289
889
65
43
560
712
457
277
1
572
296
65
257
227
809
362
387
594
535
672
882
510
235
322
397
786
381
125
432
550
990
167
901
732
718
301
331
742
733
662
182
851
120
970
610
478
233
630
872
670
690
689
422
289
458
514
683
58
789
641
413
439
611
650
587
471
331
29
677
135
923
993
312
477
593
873
320
760
280
256
283
116
738
296
876
796
991
688
390
860
471
666
86
340
271
967
209
227
548
168
781
376
251
926
559
313
57
678
891
214
579
85
523
802
671
15
824
753
935
222
301
215
313
931
708
485
24
433
548
451
931
443
278
392
860
432
47
894
307
331
387
147
412
38
871
631
118
923
398
289
920
90
394
554
661
509
977
270
466
251
790
392
956
967
24
542
594
434
904
957
157
476
755
86
57
809
605
125
469
383
177
55
10
630
19
362
2
597
486
432
207
339
263
808
269
92
107
864
27
684
558
213
254
376
408
87
386
808
849
264
249
14
328
597
862
546
321
82
907
564
429
481
590
401
421
922
185
515
118
564
749
905
287
372
139
77
56
286
706
361
695
574
749
926
995
969
132
173
911
262
218
237
548
382
661
247
79
645
437
626
664
762
897
168
16
419
564
823
781
708
856
154
553
460
897
192
941
605
134
979
789
954
485
442
347
484
388
362
898
25
179
115
139
483
937
530
365
137
53
717
368
320
551
931
771
797
386
580
442
433
743
328
519
363
659
792
538
700
132
734
125
971
239
820
736
904
696
914
947
879
715
645
883
342
978
438
487
764
51
527
427
249
558
490
649
750
24
731
748
942
365
919
570
206
615
834
718
843
645
249
913
597
308
431
504
795
638
622
745
932
493
367
870
330
305
895
387
576
393
822
476
796
644
364
850
483
229
855
930
503
430
847
757
115
557
260
600
314
444
75
854
602
957
813
432
306
497
645
520
906
539
285
293
455
822
980
868
46
930
789
570
469
655
39
355
650
708
337
56
197
63
730
997
390
456
678
350
273
338
274
590
56
889
790
295
902
528
962
551
343
740
602
203
944
916
62
269
592
351
806
860
717
511
812
91
64
147
856
582
169
883
753
316
494
459
497
814
338
880
860
835
986
360
423
27
250
78
189
294
524
478
914
923
672
2
26
900
634
960
550
198
383
444
753
266
986
45
343
365
862
457
899
902
964
915
897
392
565
815
113
252
497
797
425
165
197
35
12
394
685
471
747
20
631
248
150
781
2
659
587
853
403
517
556
662
105
962
787
566
920
384
583
45
557
297
288
841
811
745
36
358
966
28
950
514
70
344
786
148
356
222
593
28
902
471
372
490
789
737
828
749
440
664
288
951
517
63
547
121
733
497
936
254
225
128
151
932
667
759
477
20
117
496
878
186
740
597
33
214
906
655
827
343
839
432
986
168
984
334
511
918
427
727
323
331
300
44
59
705
816
907
273
94
746
277
397
128
421
14
685
344
72
63
16
468
161
903
894
619
628
821
166
968
418
40
22
987
451
698
581
81
211
244
964
28
505
832
84
359
500
901
507
565
91
242
657
725
775
503
317
994
712
271
841
159
339
556
770
373
950
790
547
22
957
179
843
618
103
589
641
544
767
964
531
465
661
654
892
219
616
911
535
51
866
275
123
112
241
500
166
263
917
172
686
340
944
227
711
221
594
72
582
215
674
159
719
527
346
447
846
819
682
331
936
161
108
340
24
6
150
50
859
157
407
475
858
92
461
419
136
425
530
94
519
719
19
661
274
359
778
204
981
678
773
35
398
110
119
193
391
660
868
431
5
643
748
985
527
220
68
959
965
972
354
192
703
429
874
83
223
183
124
945
697
2
487
134
924
142
771
352
576
862
33
261
952
10
125
767
492
443
712
128
81
935
58
316
814
193
769
943
228
568
798
377
185
60
460
621
528
262
899
937
350
946
422
143
197
104
420
44
862
400
94
446
409
136
76
771
4
40
118
392
665
416
421
394
529
456
865
645
365
779
324
731
65
624
509
513
575
442
297
822
284
41
290
77
181
822
436
399
182
132
903
174
939
200
34
831
60
646
148
48
117
108
130
497
73
63
267
731
705
572
539
765
424
266
617
485
437
586
159
23
557
975
605
852
63
444
562
463
957
699
27
143
625
813
186
541
390
216
227
429
694
681
637
320
688
820
752
344
791
541
906
134
429
863
383
275
469
462
520
256
100
320
730
753
776
911
924
521
607
398
785
104
74
456
625
96
205
432
101
692
437
741
884
827
226
590
504
300
90
345
980
867
175
113
493
485
634
414
359
519
62
118
751
964
4
198
167
490
53
210
416
341
404
858
987
995
796
401
27
758
673
191
783
399
21
97
301
270
824
132
366
345
250
159
162
21
715
176
894
558
736
280
662
534
71
100
202
760
949
195
729
679
354
596
998
396
237
477
882
138
168
715
206
108
490
902
334
436
203
244
991
147
911
675
138
849
924
387
255
168
241
983
290
756
482
384
635
100
34
654
946
256
567
957
296
25
839
910
167
117
184
697
35
267
368
483
843
361
562
771
511
125
20
587
721
68
682
597
609
948
336
497
686
207
132
341
235
487
256
755
703
557
278
381
79
719
254
236
95
44
958
114
125
584
714
599
47
51
186
729
949
323
135
860
513
524
576
834
84
371
23
98
932
937
467
56
995
972
554
546
400
435
967
4
440
986
369
581
234
714
397
209
260
558
89
343
56
471
838
940
879
602
400
17
843
464
782
7
51
283
816
8
569
534
87
933
634
947
445
522
373
112
713
139
438
184
380
313
400
74
973
996
418
972
551
588
736
969
258
899
759
82
130
329
85
965
464
720
626
196
846
541
109
63
600
278
629
432
814
171
581
409
285
718
276
197
701
712
772
751
120
895
954
590
354
730
724
384
154
178
218
767
222
840
324
120
911
280
442
984
172
866
331
125
710
1
84
234
553
193
783
672
241
8
133
700
595
581
422
135
631
44
501
433
498
911
63
790
457
174
411
974
816
662
70
236
447
965
52
845
956
74
326
500
828
719
44
101
931
295
390
155
543
149
498
395
673
988
720
3
829
105
706
241
537
157
146
145
849
255
744
408
816
205
988
507
373
833
521
653
394
472
489
136
727
839
68
224
854
750
464
832
472
316
96
824
662
548
332
932
548
589
101
981
264
83
942
311
851
590
571
16
195
284
842
929
460
650
56
47
548
278
924
465
0
383
160
720
406
147
570
882
846
551
719
619
70
925
752
972
162
25
710
523
200
124
705
199
975
230
687
984
204
257
115
419
773
705
751
882
470
147
960
272
345
647
368
932
306
997
433
336
831
580
555
308
661
492
585
340
214
513
222
840
998
431
624
17
717
232
704
467
900
644
7
398
831
596
771
903
266
197
749
630
951
964
652
680
192
142
605
624
842
141
852
40
880
306
35
103
394
457
801
343
184
894
110
860
409
879
627
948
627
879
776
307
383
262
572
751
995
466
130
612
501
136
851
822
858
107
615
13
322
648
984
836
608
839
311
96
887
540
885
233
862
937
704
141
199
295
240
311
339
144
624
812
321
825
973
670
542
978
241
793
552
334
812
730
858
868
282
160
409
232
267
234
914
131
891
570
379
233
531
952
289
31
779
583
679
10
105
5
929
439
580
673
482
39
179
521
869
836
572
756
337
514
47
554
100
666
174
294
759
454
96
450
680
297
877
296
209
395
162
126
451
89
526
783
933
272
271
919
935
329
101
523
388
399
69
981
283
24
419
115
226
653
458
384
348
823
408
739
58
253
237
393
256
561
872
124
470
755
780
593
54
182
899
562
18
154
29
810
286
39
331
37
165
204
345
16
606
840
941
775
395
354
6
672
757
725
245
786
971
916
366
179
533
245
103
224
51
345
990
397
555
230
508
607
152
769
278
415
970
821
241
247
173
137
369
16
414
142
290
422
450
619
368
524
844
399
198
136
568
138
167
979
77
378
745
511
907
162
405
836
140
622
637
139
135
130
357
612
779
769
94
963
128
151
769
194
721
824
510
490
39
843
942
737
541
355
592
418
483
453
592
341
225
877
640
981
72
625
275
960
784
914
870
589
754
457
401
220
517
515
951
568
705
714
144
105
758
204
159
76
718
333
759
681
221
633
811
507
334
602
106
321
283
437
889
953
177
629
416
102
803
49
13
531
215
999
574
338
320
468
172
656
927
725
464
417
738
249
880
561
590
898
160
397
840
208
658
644
167
634
990
57
225
599
5
448
508
232
773
324
523
766
276
348
851
642
743
297
981
531
113
255
832
634
969
277
768
806
351
910
484
306
291
521
599
203
555
575
945
788
54
647
523
629
597
202
853
295
196
886
971
129
932
377
638
886
444
620
424
480
493
630
204
578
685
904
274
283
346
895
698
676
773
901
758
573
539
227
362
461
324
435
30
177
781
48
680
608
266
95
743
346
885
528
287
969
203
584
726
407
113
894
377
586
853
253
612
430
847
733
574
84
115
14
503
180
246
626
480
805
543
71
32
846
791
650
397
318
251
164
412
306
884
593
921
193
557
257
324
926
909
928
392
145
883
882
737
163
422
868
422
953
703
553
9
451
363
76
978
771
570
967
877
144
475
837
725
697
517
918
163
515
313
761
627
762
352
118
310
59
530
336
12
679
648
373
94
613
325
896
571
12
454
795
102
32
232
818
28
628
6
4
833
450
652
16
445
560
995
493
507
349
790
52
381
676
153
626
945
971
902
427
386
756
202
923
109
796
25
864
546
887
460
609
147
119
579
659
58
276
621
600
49
957
533
407
50
880
510
361
254
806
4
682
126
478
840
351
810
992
489
469
355
51
256
971
934
621
115
431
674
618
210
224
68
387
572
318
933
893
436
517
782
743
650
92
56
399
76
309
114
174
522
575
26
915
736
530
210
596
202
694
695
381
3
975
338
122
823
634
604
654
215
115
652
706
656
472
323
726
516
5
279
409
22
104
8
292
478
243
590
303
510
524
159
802
836
158
749
258
167
796
795
363
104
690
889
123
562
247
531
130
124
625
511
47
884
740
261
63
826
149
955
951
493
59
439
175
728
905
37
399
574
741
164
654
974
989
207
377
812
914
558
489
934
586
820
733
243
964
140
471
658
183
365
276
694
89
188
705
718
544
761
798
466
62
301
17
218
899
54
514
186
768
633
868
11
37
120
676
966
333
532
670
416
237
225
372
300
905
537
626
953
230
530
752
340
414
982
472
895
643
896
196
481
870
651
756
666
608
584
167
396
13
235
526
377
473
700
768
951
390
541
554
22
819
481
236
634
170
685
489
131
217
762
902
440
263
747
553
916
413
244
343
345
561
595
660
180
890
381
759
790
368
871
104
546
997
5
803
844
330
346
167
770
76
34
387
936
448
118
301
194
300
848
205
335
960
388
750
596
136
197
985
774
194
768
746
12
649
728
719
894
679
366
649
271
74
482
383
398
99
96
674
314
352
955
884
95
898
955
76
559
569
585
258
226
604
232
916
865
494
736
360
753
190
872
800
858
654
559
554
496
33
463
213
682
639
296
158
303
299
586
319
435
573
899
644
645
805
473
378
837
952
52
847
304
687
223
131
920
283
941
699
67
435
29
806
758
218
369
219
576
111
153
609
547
124
81
790
754
821
606
832
542
279
366
945
462
747
774
966
659
144
312
207
302
319
450
431
767
383
298
689
719
333
992
822
953
595
572
503
815
91
594
777
307
935
8
201
541
862
880
869
993
72
411
762
170
255
299
136
660
168
932
885
211
299
42
130
467
829
477
583
177
308
451
619
263
215
183
334
875
842
156
318
701
744
316
296
104
337
390
275
329
97
196
340
954
210
222
795
933
448
985
895
88
518
683
33
678
121
441
878
682
474
987
624
826
116
988
193
928
399
344
995
69
185
698
564
266
917
72
222
753
415
26
705
745
465
985
572
547
494
408
77
186
431
285
108
321
114
60
744
39
490
418
972
284
189
578
67
117
952
630
251
659
851
193
254
603
181
190
530
429
384
765
21
983
425
500
518
952
568
874
850
838
592
568
393
457
110
613
618
634
810
570
711
736
96
905
592
929
837
461
47
531
677
471
41
660
619
876
710
443
407
778
976
411
585
778
194
357
940
567
770
832
485
585
212
700
24
819
652
610
834
741
475
49
976
247
348
664
280
963
564
881
91
657
357
459
475
625
545
500
670
794
618
616
247
21
197
419
605
500
582
205
146
449
987
750
719
297
930
416
689
372
158
362
304
733
450
479
859
104
584
864
535
95
823
19
677
759
238
690
720
332
324
256
921
424
433
813
563
288
686
686
299
789
196
888
889
594
638
192
642
698
406
852
515
812
875
700
948
350
585
263
222
684
444
836
319
122
459
915
3
580
824
206
137
227
673
523
39
495
188
228
14
698
292
500
91
190
609
681
359
401
962
112
254
328
208
364
611
64
856
567
253
701
500
538
469
542
803
788
735
890
450
55
663
778
201
938
242
972
974
346
116
203
616
965
808
101
913
653
522
531
182
700
370
73
709
195
699
186
193
308
435
226
312
160
249
813
502
109
696
256
47
679
364
621
616
74
540
818
466
218
824
510
613
506
629
994
428
10
533
219
260
718
9
981
908
476
122
952
958
725
433
594
301
763
470
226
399
242
834
443
215
833
187
891
60
519
151
863
5
749
383
565
909
807
933
956
567
68
290
936
964
478
433
350
123
517
556
675
569
95
115
501
23
337
266
913
524
958
777
655
806
983
24
527
455
921
722
815
22
62
643
676
34
508
680
297
578
693
278
350
943
609
414
739
604
687
51
860
711
308
198
654
101
207
503
536
794
610
624
872
860
823
419
68
529
108
413
471
426
119
861
239
852
883
176
49
96
265
459
7
890
163
323
426
208
205
295
168
827
527
553
133
228
389
926
65
652
690
624
275
392
192
381
70
685
164
333
626
893
433
179
819
2
309
915
50
883
669
709
402
132
580
282
589
787
150
510
2
675
998
810
832
676
618
297
697
693
120
608
389
723
343
770
393
23
58
459
591
966
71
548
122
890
331
877
751
915
780
776
164
430
566
977
585
728
410
233
728
27
366
85
639
979
985
1
158
575
845
291
832
268
776
15
885
54
641
391
442
164
414
56
610
42
432
887
150
255
128
9
417
46
239
17
982
297
499
448
818
781
53
976
252
714
412
870
923
772
576
797
839
960
84
132
241
913
100
562
421
498
373
925
792
860
819
895
488
384
729
340
551
383
110
929
246
734
488
836
405
64
553
180
759
562
397
202
122
961
751
31
921
739
531
295
38
126
208
759
108
97
25
650
455
95
816
296
614
907
265
260
944
739
738
174
204
259
464
102
56
102
708
337
403
74
765
223
137
101
51
759
340
775
305
443
243
219
941
77
277
851
870
15
358
574
698
652
147
833
82
777
403
988
142
782
705
429
259
642
745
935
311
974
142
816
356
472
189
501
53
503
265
362
665
662
677
730
299
663
573
256
169
995
153
988
40
431
850
821
709
592
329
222
295
470
99
506
391
18
327
247
608
661
935
812
868
855
402
433
858
619
771
646
435
324
243
430
414
864
404
882
70
755
553
796
927
617
838
99
855
987
894
675
288
373
456
783
419
997
14
890
537
737
871
475
323
346
134
81
761
175
70
621
546
234
906
781
274
650
692
143
481
256
28
535
588
317
533
966
96
151
734
463
998
726
635
17
182
131
629
884
781
221
547
444
835
588
590
886
316
486
613
66
595
267
714
960
649
407
385
296
890
194
530
95
301
724
501
54
702
954
945
944
333
129
632
415
620
114
654
954
977
783
343
996
670
870
982
584
350
418
973
348
613
223
376
981
49
490
867
836
595
264
33
761
647
41
568
779
315
377
377
763
394
257
823
849
135
420
349
898
643
862
476
977
778
217
761
490
795
837
633
274
520
909
153
720
791
119
654
724
55
995
898
67
444
243
860
652
430
122
520
862
137
111
22
210
706
941
450
339
685
327
993
404
270
597
690
821
380
793
90
401
944
669
106
901
519
513
46
123
308
622
330
764
940
779
660
386
902
104
489
17
360
203
475
87
201
626
230
669
534
264
84
188
541
466
771
125
547
332
916
503
396
857
946
331
744
343
595
552
670
766
467
453
106
584
228
963
911
844
879
704
98
255
203
207
611
353
927
221
271
777
367
633
996
144
305
93
158
21
658
98
981
993
21
946
253
897
563
656
172
875
835
693
97
9
977
91
111
977
507
344
769
301
324
283
145
531
821
985
301
896
39
654
591
770
600
331
822
571
747
225
109
587
207
460
452
546
748
3
440
696
226
618
232
542
653
730
916
385
319
215
635
296
261
231
412
153
470
407
428
972
37
875
634
811
91
874
938
157
779
899
925
866
715
684
987
390
327
592
978
245
242
372
55
416
410
609
126
678
973
607
429
592
974
905
123
312
887
82
400
159
598
44
572
368
905
498
770
301
841
900
398
907
92
785
221
196
612
982
56
18
37
922
322
489
922
912
350
8
872
997
215
897
608
784
51
395
662
378
253
857
874
433
700
776
127
135
151
445
758
850
284
890
936
73
397
975
859
250
665
439
22
33
998
991
937
556
945
478
667
305
817
583
212
295
168
459
307
313
52
221
486
156
17
215
294
935
630
552
415
729
424
488
80
90
571
840
537
160
242
776
554
466
576
7
902
742
403
607
491
535
411
453
405
684
209
521
349
209
843
104
163
574
674
350
883
786
171
372
543
273
77
602
293
56
652
977
678
265
129
14
884
697
332
818
573
696
424
601
461
344
90
334
159
623
81
753
928
948
913
46
871
215
725
207
821
322
700
223
617
916
247
959
731
989
120
869
228
825
960
424
865
712
319
452
734
787
107
425
195
344
503
101
71
967
847
815
927
867
682
171
61
889
142
800
266
753
119
406
759
216
211
287
690
30
263
114
529
750
449
817
220
669
196
58
432
437
977
901
390
190
890
3
777
349
239
821
906
596
801
109
940
919
291
226
208
32
593
609
792
926
711
70
414
781
13
472
331
978
273
725
356
490
223
976
374
508
807
327
698
748
100
408
404
531
898
673
349
393
315
302
911
660
342
236
634
184
200
931
838
151
505
116
976
711
709
983
971
959
17
985
18
672
2
614
372
84
435
360
455
900
424
317
210
687
810
748
9
767
939
310
569
746
300
500
288
840
282
365
104
252
245
423
511
927
377
287
630
190
376
480
296
878
797
477
985
828
39
140
3
786
313
267
786
46
632
188
354
457
804
976
902
722
631
71
295
277
73
874
754
433
884
92
319
860
349
496
795
955
85
14
744
102
516
999
753
344
573
903
640
530
339
496
491
574
879
261
400
51
245
572
594
6
682
779
167
510
428
413
4
185
68
263
593
665
315
241
333
710
275
564
650
463
680
996
668
204
321
566
469
753
949
464
994
610
168
556
429
799
465
282
569
338
353
541
962
248
761
515
848
6
225
320
813
397
123
749
809
784
215
396
705
922
975
891
775
588
786
25
654
425
875
112
78
646
982
978
390
436
155
636
175
157
727
829
612
755
490
296
41
88
304
847
62
247
934
75
961
322
642
785
609
483
205
53
47
696
351
155
860
857
253
456
103
662
655
794
975
39
402
756
651
573
622
790
696
918
596
2
254
870
371
86
787
397
534
836
453
647
146
321
375
672
735
873
932
363
439
740
900
883
808
394
754
709
549
219
661
248
476
542
767
864
259
739
166
82
123
462
527
672
517
865
776
306
912
75
328
464
310
54
346
343
756
431
206
553
117
846
851
523
673
827
996
646
609
273
216
375
312
138
793
672
515
32
812
435
690
44
424
793
798
258
361
452
418
109
773
585
564
943
204
118
954
878
49
660
360
340
162
704
674
468
360
225
769
896
466
224
783
308
176
323
466
548
473
15
364
2
542
781
141
440
140
857
93
479
127
97
952
375
490
12
410
890
460
788
418
578
523
807
172
940
960
934
913
575
314
655
88
586
588
946
170
268
262
621
457
305
247
785
448
502
704
928
998
367
240
158
289
716
390
28
818
810
427
436
10
475
515
115
781
44
889
293
346
952
301
210
842
295
221
327
902
689
340
193
98
322
800
170
334
187
172
421
625
85
610
828
395
152
830
802
357
334
488
268
292
460
315
454
563
283
886
500
975
160
219
331
696
826
483
654
303
72
988
451
652
981
267
821
219
811
526
587
724
505
915
636
370
295
129
571
788
869
578
890
804
49
960
572
505
43
417
639
679
881
546
994
573
765
494
600
136
743
13
852
312
253
844
803
731
840
38
780
125
547
860
786
119
307
738
25
616
910
305
805
860
18
964
75
391
2
569
844
545
349
731
788
846
743
14
400
625
951
750
160
462
81
504
323
615
860
291
100
394
82
461
190
585
505
839
854
398
61
59
990
89
431
281
943
372
667
391
109
952
805
582
759
50
130
712
870
567
17
178
182
631
116
106
141
619
948
569
860
389
863
173
753
393
721
811
21
527
557
583
745
72
995
906
959
841
127
598
677
697
127
294
555
944
913
904
522
680
759
927
476
121
882
362
888
57
660
649
927
69
353
508
583
860
870
850
80
77
401
913
761
296
484
621
571
424
402
753
164
624
626
878
677
29
396
173
210
903
435
185
67
647
212
304
938
8
134
237
245
125
555
25
51
589
488
241
77
534
486
825
572
872
231
655
12
185
990
351
859
465
261
7
896
828
575
499
992
585
690
786
489
564
93
145
778
355
50
596
85
263
222
857
878
90
219
75
842
509
305
192
819
733
907
286
714
370
478
425
878
841
734
558
118
523
293
805
118
794
246
991
696
522
265
689
46
125
423
115
821
234
38
144
680
147
487
407
718
748
115
878
4
262
98
651
323
266
335
585
82
645
233
361
273
791
554
57
324
181
327
731
639
616
198
664
660
838
487
851
292
926
655
42
634
877
850
146
36
32
679
90
659
556
397
272
864
25
251
629
949
249
789
929
999
896
599
315
867
124
46
335
565
385
302
645
718
812
133
305
42
117
684
179
208
701
766
184
875
799
930
301
103
792
12
89
860
513
618
120
820
252
494
192
200
393
610
380
970
98
262
17
341
216
494
444
97
647
663
961
989
706
17
729
114
672
762
530
915
565
193
169
210
390
128
4
447
533
45
569
198
723
70
491
757
9
156
933
596
474
620
625
346
12
474
126
915
332
836
341
332
519
75
465
922
871
248
486
438
475
803
75
881
943
501
207
797
994
997
130
21
142
526
368
960
548
741
300
741
228
786
443
737
178
327
30
300
686
438
623
739
3
865
472
1
833
456
111
764
578
254
184
122
110
41
814
396
868
925
942
88
504
884
914
450
888
76
259
660
230
99
51
143
287
321
454
121
93
886
59
116
413
947
384
725
203
252
518
687
640
235
169
917
933
347
564
967
2
517
518
63
289
229
689
719
408
924
507
712
107
137
514
75
981
5
889
628
733
579
736
513
301
673
310
107
86
801
748
704
592
158
1
327
288
458
628
113
134
909
816
737
247
547
495
491
435
642
703
737
862
932
426
622
956
974
952
159
771
7
445
971
411
326
830
294
786
329
261
92
941
57
440
473
425
290
770
948
680
987
904
458
225
120
512
502
522
790
224
149
711
822
576
216
104
917
408
348
211
831
667
344
291
2
715
596
906
467
305
128
715
950
121
345
798
505
386
301
137
132
342
936
474
430
574
508
670
393
23
180
861
179
245
525
155
804
932
511
358
455
958
418
219
361
263
983
11
914
676
8
799
59
395
611
653
801
209
269
175
39
698
808
145
849
600
558
788
754
240
924
157
502
426
775
386
336
494
136
123
793
247
866
273
613
388
205
299
419
656
265
713
461
295
840
74
857
673
178
752
442
819
677
948
568
442
832
12
906
462
135
835
613
462
54
238
9
529
642
601
245
816
837
618
336
869
991
7
296
128
735
189
71
295
827
447
423
222
258
835
895
777
522
160
532
695
603
684
75
772
942
816
943
891
387
928
415
267
851
643
113
985
237
353
15
397
971
497
988
157
373
119
43
739
940
542
296
83
571
566
941
608
676
448
344
203
116
91
772
983
902
261
145
502
648
374
640
883
831
373
937
765
5
490
384
311
275
225
402
538
468
700
972
99
671
683
170
264
7
935
306
260
781
221
400
312
439
289
363
697
76
339
532
884
600
28
872
355
47
866
502
8
925
912
964
175
962
66
1
98
60
873
495
444
803
699
588
803
386
317
966
387
408
454
726
120
584
597
255
100
53
409
61
983
621
442
577
169
997
433
498
814
778
370
390
583
720
685
905
755
612
378
159
771
886
627
504
539
973
438
202
876
259
201
264
252
453
587
25
611
93
91
868
428
904
651
871
283
745
224
65
222
892
873
396
849
510
921
477
620
231
2
681
91
938
358
173
917
960
606
16
265
137
250
588
928
405
664
150
808
812
911
581
667
198
705
935
971
43
113
727
447
385
38
581
456
65
389
136
648
993
866
939
421
543
702
371
604
705
296
514
436
97
631
298
344
495
555
154
251
99
493
907
154
381
933
592
462
960
57
440
193
644
243
301
432
452
754
390
612
174
827
336
57
784
556
176
933
791
405
115
232
464
928
576
627
696
293
329
113
174
501
226
135
414
770
420
508
191
405
745
800
863
649
316
27
79
387
320
426
435
316
373
801
679
160
803
444
200
783
706
896
636
606
636
906
635
537
358
756
975
780
181
778
487
224
991
276
480
845
266
256
663
447
46
354
871
365
6
74
263
217
567
15
40
616
229
38
147
844
114
464
860
810
64
237
662
299
478
650
292
415
509
683
399
333
124
209
826
962
49
326
117
888
557
865
493
7
634
677
219
593
61
648
948
161
593
523
391
364
483
523
392
342
287
431
299
408
33
277
327
660
585
39
469
162
251
760
400
602
457
344
720
944
631
841
841
417
274
458
795
366
545
646
248
871
615
565
52
782
448
970
722
774
654
34
355
309
529
913
608
941
440
936
545
210
260
127
347
508
641
412
106
673
540
248
187
742
564
631
925
262
362
371
763
771
525
307
257
595
201
658
799
899
868
991
284
12
572
439
429
394
221
619
896
281
432
391
906
930
797
38
566
627
389
646
681
84
791
479
460
615
885
934
130
553
224
196
151
671
817
95
417
992
760
756
564
281
275
570
244
643
345
690
44
156
339
711
513
162
715
486
662
882
132
8
127
301
101
144
149
862
564
587
453
360
687
759
72
568
460
570
197
563
647
870
153
397
23
146
686
778
822
532
836
663
802
455
821
230
352
344
499
515
634
624
203
124
835
897
932
803
222
563
184
336
828
377
960
194
319
362
841
584
748
281
339
67
689
385
146
734
505
478
311
960
291
420
806
164
415
91
438
625
384
465
562
321
230
906
598
965
489
10
917
916
331
304
273
380
399
919
577
383
414
914
505
328
683
236
80
538
229
488
151
115
365
535
396
578
198
685
317
218
736
656
476
852
957
777
95
653
474
919
23
40
170
460
986
201
524
166
977
668
146
278
640
506
425
230
475
116
107
356
784
334
22
687
284
517
156
426
479
541
769
963
968
230
257
375
67
515
41
181
286
770
816
772
460
143
170
309
577
380
652
109
626
587
132
479
141
635
444
723
423
386
77
575
863
757
960
628
141
699
153
420
585
531
647
716
393
700
302
179
984
0
372
68
232
417
985
815
957
340
419
334
614
556
9
700
766
574
21
406
603
88
918
724
450
43
15
867
932
638
618
505
254
782
437
925
796
960
196
547
84
228
109
812
31
33
113
435
236
900
544
874
25
560
217
433
904
983
743
813
12
916
264
60
233
950
680
819
623
817
896
509
896
663
560
547
816
247
256
2
473
589
160
182
577
444
692
421
126
43
816
44
3
959
233
824
323
640
876
475
667
79
788
689
612
337
686
959
374
165
246
980
710
745
425
725
699
666
936
388
402
612
350
274
939
861
118
342
0
645
278
586
337
606
464
636
385
69
363
949
738
629
712
780
857
596
483
652
29
149
934
402
326
706
815
11
6
855
114
322
577
405
399
447
540
547
971
131
620
864
771
588
182
940
225
372
387
606
972
624
570
459
745
684
264
146
502
380
277
21
265
493
224
252
41
838
980
113
618
98
562
220
993
71
76
696
680
264
483
848
180
823
114
713
447
654
47
994
245
192
698
248
968
699
235
903
580
156
709
609
47
772
121
681
855
908
998
880
914
731
426
618
455
211
918
719
320
215
931
230
388
267
321
446
726
262
540
202
497
806
918
700
539
112
952
645
25
373
98
195
591
288
239
309
856
40
623
380
290
299
802
681
6
7
794
10
142
576
476
116
161
825
992
939
583
469
782
417
353
197
704
655
322
421
579
522
70
606
431
344
613
652
627
208
377
214
91
528
177
963
805
976
862
773
803
543
689
497
993
518
472
521
183
415
42
566
875
438
559
265
524
902
816
879
158
130
697
160
501
747
648
776
973
968
90
865
262
413
446
320
449
236
637
83
52
864
636
331
723
438
976
687
737
137
883
727
889
908
55
916
860
781
979
751
635
882
70
353
112
415
845
947
574
439
823
673
342
960
818
979
527
967
815
365
485
325
696
634
259
76
647
913
41
579
203
608
417
100
545
161
979
897
832
938
683
621
68
825
200
816
252
153
389
655
322
374
931
582
724
510
104
419
252
771
685
628
211
906
933
841
805
769
671
469
129
317
561
217
68
761
758
538
931
852
254
684
655
383
411
766
957
784
362
408
946
368
191
924
254
146
54
654
973
347
721
25
296
740
290
152
23
593
237
312
804
664
295
407
282
909
108
626
101
691
32
876
76
160
944
177
696
118
421
163
533
138
190
16
42
906
331
650
732
765
313
739
649
236
564
214
650
829
972
199
10
813
368
950
476
754
809
276
12
511
215
57
115
92
713
979
789
224
852
290
934
751
720
425
200
10
875
655
82
138
897
462
379
866
344
236
942
727
860
1
40
760
171
334
529
751
796
307
488
732
304
307
907
2
119
814
525
192
951
801
942
956
138
232
680
746
351
243
945
701
368
986
482
152
846
796
41
379
363
275
682
253
256
156
311
139
201
280
648
985
812
869
35
791
988
311
353
812
153
67
606
660
36
927
655
176
136
791
913
352
558
315
815
819
470
309
282
404
52
460
429
66
421
86
272
43
703
891
240
433
91
322
914
526
484
48
494
128
41
205
180
787
789
540
802
331
231
315
777
352
760
840
689
313
570
810
571
766
668
199
280
771
540
320
194
976
986
809
799
961
682
708
681
425
26
517
837
476
926
108
173
800
279
598
584
780
26
895
16
674
826
399
442
829
606
502
830
515
452
874
737
389
570
244
349
771
351
294
462
891
873
556
102
22
537
683
232
928
921
310
266
405
347
742
914
733
89
118
233
797
667
314
597
239
119
776
733
469
755
673
873
579
402
272
557
195
795
158
590
103
395
11
210
23
553
961
545
277
681
158
60
197
773
79
787
55
415
279
789
945
185
733
492
573
180
670
228
98
262
784
579
258
484
54
877
782
92
927
530
712
420
534
684
634
7
702
84
948
232
983
906
283
842
609
773
851
795
266
102
55
949
858
460
939
265
965
588
132
356
541
350
786
399
507
916
636
686
263
139
701
298
865
193
363
730
509
270
503
582
237
306
132
786
298
461
503
248
359
371
978
159
891
960
34
716
371
972
669
441
604
225
120
812
396
7
245
453
997
951
143
701
228
199
584
977
983
650
605
13
808
610
193
657
646
230
317
678
385
694
703
703
789
240
636
213
529
738
800
263
510
755
578
471
404
723
554
614
338
66
918
107
959
957
368
523
706
627
614
256
947
19
35
438
812
955
161
190
945
840
596
358
138
416
719
944
758
991
11
534
170
90
115
184
900
491
831
367
104
160
60
793
33
699
361
134
565
518
185
956
546
115
31
429
644
516
748
737
666
136
957
434
760
73
95
394
783
118
898
410
154
567
237
949
872
272
96
34
49
204
134
762
197
242
718
459
742
805
532
110
693
405
864
226
190
214
459
27
687
236
384
409
850
752
715
914
878
280
947
624
830
415
969
660
724
562
116
771
619
762
291
293
648
503
378
651
942
682
241
406
740
638
365
827
516
472
842
859
832
738
732
365
759
932
39
527
147
111
418
323
710
411
508
73
891
187
258
138
724
996
883
24
483
671
183
257
705
280
779
637
311
857
454
680
928
416
187
323
185
897
679
262
724
380
100
611
887
112
579
914
565
646
464
940
494
641
706
94
348
710
799
743
370
11
617
193
885
159
97
614
990
439
208
714
914
218
828
533
12
927
172
368
149
974
175
419
251
472
835
461
155
717
820
512
471
958
807
206
94
84
900
338
146
544
191
837
608
958
965
250
611
616
326
654
398
299
51
823
253
613
269
377
264
364
198
579
666
308
501
444
649
997
26
817
909
342
586
120
978
928
208
543
299
96
731
558
317
289
942
754
386
196
504
183
137
764
764
576
25
246
150
31
233
88
306
29
701
568
248
925
67
820
848
390
523
60
675
606
73
592
748
443
544
442
102
214
715
262
119
95
319
497
492
734
335
680
326
120
852
93
318
290
63
997
180
42
360
73
489
424
337
710
892
396
495
318
192
724
814
880
170
884
950
551
126
442
704
234
28
177
598
706
854
976
821
60
170
360
580
915
247
350
869
122
47
280
998
444
233
54
775
3
923
306
129
129
335
904
70
595
562
236
317
150
718
763
642
662
373
385
947
179
708
290
357
667
117
71
175
252
19
60
363
317
520
40
313
904
155
714
99
499
391
557
27
398
706
999
294
568
92
173
776
110
516
834
498
163
461
439
128
394
945
781
917
996
530
40
877
470
698
547
606
317
640
133
129
190
933
397
288
974
797
874
740
707
642
614
343
286
372
394
802
393
508
368
751
146
491
731
54
564
720
643
22
60
703
463
396
815
468
86
401
64
790
56
923
60
84
913
878
697
807
177
113
560
68
250
799
486
698
471
107
531
447
544
99
633
92
564
223
141
217
904
450
830
120
291
128
953
813
525
863
415
360
400
306
141
860
563
520
293
244
252
766
51
644
77
877
328
540
243
115
898
57
949
321
129
746
978
430
700
968
871
920
446
491
440
579
734
249
816
42
587
308
653
906
101
934
592
892
582
357
606
430
211
220
377
237
3
953
428
986
248
301
352
867
657
6
77
952
936
242
822
566
568
698
45
477
179
373
445
642
974
25
831
375
382
925
447
287
237
20
187
87
515
876
962
307
903
782
389
380
260
243
865
11
311
641
46
687
775
271
736
296
478
60
182
248
920
264
825
199
175
130
619
463
989
15
152
465
403
747
894
126
286
64
124
919
697
819
224
431
86
260
291
657
965
107
276
931
827
336
122
362
784
538
736
844
572
492
934
276
364
103
936
377
69
186
347
599
605
664
51
971
990
618
901
371
949
296
599
633
130
628
703
105
966
987
271
759
671
982
247
717
861
808
335
112
801
262
774
529
351
895
109
869
263
840
804
397
594
845
273
884
658
652
726
220
122
370
17
596
550
756
564
399
959
301
272
222
710
883
307
6
375
308
541
165
52
459
422
708
961
911
74
776
80
826
444
732
965
647
395
906
916
626
753
403
89
483
431
876
224
579
937
43
181
819
757
809
589
117
347
261
511
691
696
460
184
610
752
929
587
11
292
959
773
144
188
364
680
938
396
139
376
84
413
520
523
750
390
344
169
887
576
207
855
780
271
884
413
889
987
635
766
299
135
550
507
47
109
813
26
419
288
844
462
844
169
586
846
372
494
831
360
843
995
351
754
767
130
792
640
607
970
734
534
663
224
55
240
952
232
758
419
567
655
704
944
771
493
302
975
694
6
36
483
884
115
865
374
92
826
961
210
649
312
941
991
479
305
735
418
305
610
525
520
896
619
686
615
257
950
546
48
503
444
854
321
800
58
250
781
147
398
702
212
979
954
833
366
518
408
293
657
574
743
844
991
14
265
626
998
431
60
161
712
654
864
998
100
600
793
549
697
629
885
593
19
17
970
118
332
354
916
680
843
700
939
186
365
107
280
98
10
668
213
353
557
611
63
921
697
78
618
807
500
142
97
481
69
281
613
163
566
35
902
149
468
787
923
348
174
661
849
531
865
347
849
341
805
233
33
2
121
638
900
784
471
49
628
722
891
265
614
766
570
998
705
562
232
54
698
293
327
442
793
580
233
859
875
258
249
822
668
975
224
362
57
917
300
577
126
673
396
574
727
181
727
228
759
946
885
28
656
235
733
724
965
740
646
870
343
299
442
406
711
612
676
333
795
531
837
167
807
436
403
308
530
392
617
679
673
297
320
991
938
976
179
766
885
219
157
824
370
119
134
279
968
648
181
207
592
302
86
76
220
853
425
697
472
640
583
938
559
639
921
678
43
493
454
538
639
52
245
707
310
487
962
798
753
968
950
33
433
969
467
233
271
744
698
985
169
195
541
137
612
324
155
220
690
777
729
702
15
471
974
53
179
180
387
414
599
34
419
325
800
293
306
338
480
408
466
559
955
378
45
123
938
593
420
344
930
916
177
836
896
524
401
201
328
135
884
970
206
568
220
383
900
274
594
217
504
359
510
340
677
844
600
867
635
381
136
815
501
434
855
914
905
941
229
808
362
849
380
235
651
478
398
863
157
609
984
424
901
323
936
410
746
94
226
134
121
367
91
137
443
879
824
31
291
255
721
607
320
28
941
698
837
45
883
602
942
405
41
91
149
480
199
903
429
262
271
396
711
290
37
496
957
658
532
384
74
166
849
413
89
485
712
605
200
349
210
684
563
142
749
34
910
957
393
131
405
130
475
998
451
493
535
957
515
126
433
496
438
164
709
382
86
292
107
252
665
952
488
767
497
882
254
105
547
572
780
973
557
407
282
571
192
737
45
911
221
920
867
696
368
393
174
524
171
177
244
524
844
829
617
650
876
735
871
791
891
827
569
507
19
253
408
700
924
255
278
771
421
549
186
847
545
772
801
458
831
174
634
682
495
545
765
95
225
566
333
73
259
149
955
896
481
52
647
835
350
56
784
918
562
227
128
320
489
363
989
422
592
522
124
409
225
689
80
901
444
964
289
522
720
387
395
517
729
437
941
462
718
479
804
897
306
966
445
224
945
986
389
529
699
818
79
96
444
557
663
222
43
446
62
655
608
553
144
350
446
565
691
511
901
4
355
864
887
907
777
885
530
91
556
283
38
412
826
379
569
74
788
139
633
922
642
537
295
813
37
608
261
642
319
27
724
303
584
283
720
909
779
571
622
875
860
329
304
57
337
939
478
986
372
484
653
411
943
633
201
736
519
623
45
695
84
81
543
548
358
868
268
387
498
469
503
650
642
469
431
810
173
531
214
281
693
908
361
996
301
911
66
781
928
979
461
598
146
937
77
967
110
788
146
397
998
917
750
458
623
915
259
182
669
282
939
875
361
203
71
41
226
195
464
44
30
896
757
348
876
469
483
645
931
103
482
976
233
877
874
947
556
802
460
535
375
225
139
541
538
874
631
651
401
768
570
250
796
864
822
584
421
819
689
589
921
467
532
725
180
662
217
479
141
946
710
733
741
94
78
91
408
961
165
382
937
220
176
994
439
525
475
370
521
321
969
22
777
73
533
648
208
918
90
508
175
851
111
42
57
363
500
803
893
108
56
209
870
558
957
240
695
809
19
211
565
660
778
950
640
848
822
239
709
849
163
192
964
968
865
276
645
531
587
107
629
886
181
730
914
553
993
57
354
319
37
332
913
289
824
957
194
900
189
820
970
694
112
261
977
207
197
201
291
671
157
511
180
366
397
634
463
343
527
619
43
959
438
201
453
93
402
272
3
215
491
123
301
456
506
139
757
692
527
182
939
212
126
785
511
934
276
409
838
289
988
441
256
825
758
305
418
308
972
63
113
602
511
134
412
877
949
311
73
771
893
83
626
983
207
389
707
371
90
309
792
74
255
879
642
333
707
171
448
679
988
1
889
890
70
174
37
668
474
937
333
276
625
414
673
503
862
155
943
167
48
558
260
56
174
869
531
607
963
644
903
880
976
63
120
375
385
240
810
988
183
727
237
30
264
736
121
518
514
218
702
96
779
820
357
874
327
921
720
109
228
411
427
181
864
589
353
513
681
589
393
165
139
53
686
608
743
304
423
796
993
198
248
36
68
906
635
294
44
363
503
528
516
773
765
357
561
582
495
872
52
577
850
683
508
321
939
341
799
971
377
162
245
625
340
41
845
737
578
319
672
833
955
907
709
670
819
856
789
272
655
324
570
743
274
399
947
588
19
583
655
335
320
793
283
626
211
662
415
558
355
536
92
23
464
32
351
958
968
216
155
916
240
490
643
151
662
31
253
429
374
212
938
140
564
753
393
853
777
517
944
395
824
721
487
673
511
64
695
932
630
727
487
856
296
442
632
971
42
878
247
59
778
391
854
924
84
786
590
664
116
116
198
772
777
690
354
812
706
423
5
97
71
347
410
823
108
644
704
320
849
799
921
694
494
580
608
919
457
357
317
553
180
928
527
672
447
405
775
251
67
921
97
200
477
869
177
494
43
151
949
348
550
444
826
179
679
790
82
200
52
938
404
832
771
704
98
746
256
322
931
330
552
148
147
495
259
331
743
298
641
53
733
574
521
727
715
845
42
98
752
87
465
553
267
559
758
49
382
778
814
996
872
908
846
103
727
277
621
688
101
470
965
176
317
474
172
557
437
638
747
396
865
789
212
564
369
722
544
244
891
393
175
933
529
605
386
79
112
648
373
722
858
358
193
22
709
317
324
814
72
479
577
411
859
310
663
713
917
669
793
313
160
26
334
695
982
299
651
797
825
548
995
206
63
978
463
969
781
251
834
577
331
886
338
957
40
593
234
412
822
787
392
349
984
126
979
246
981
867
687
791
431
25
947
325
286
820
967
718
623
645
471
601
192
842
514
443
499
921
822
283
898
432
676
84
905
623
493
562
705
175
894
39
593
760
237
337
951
905
299
986
160
667
45
43
792
912
178
636
290
570
498
947
320
114
893
709
945
639
202
481
784
330
56
848
362
844
232
486
910
86
45
456
8
131
776
444
571
613
147
669
850
702
441
65
326
923
929
947
591
446
883
801
567
162
626
989
728
802
721
171
275
611
631
971
585
576
929
954
661
28
389
297
673
519
130
627
173
212
274
372
32
686
504
641
631
976
253
80
420
863
231
361
497
922
417
980
473
606
682
806
531
680
684
408
231
662
780
496
338
526
245
982
645
823
235
35
556
542
570
218
949
490
587
257
694
714
41
236
27
478
256
51
875
646
524
781
152
858
31
192
975
787
450
22
729
865
694
791
937
336
222
865
911
151
730
209
233
239
15
741
234
937
293
530
754
926
278
94
636
823
887
935
618
718
514
51
488
316
450
590
651
37
152
983
530
345
776
881
553
864
569
943
828
304
476
101
991
64
595
186
132
408
906
936
134
529
47
266
271
398
771
340
375
269
128
414
461
876
331
665
251
874
744
182
644
812
409
123
810
9
60
563
259
0
634
935
931
846
859
74
56
503
629
777
352
590
531
516
832
376
56
348
406
530
741
385
233
194
743
174
725
244
105
155
983
171
299
995
405
890
437
910
183
912
947
322
406
743
384
47
549
83
479
25
163
374
512
16
722
519
550
38
688
142
165
332
33
578
745
534
654
911
660
314
341
755
105
175
212
143
633
298
835
861
58
265
555
782
604
268
922
280
953
925
475
595
83
152
579
112
624
626
421
866
771
245
803
221
684
677
809
621
683
477
36
476
495
526
590
774
259
511
690
728
996
954
331
874
770
882
153
299
829
530
308
351
593
659
913
23
474
907
370
420
178
344
665
125
303
821
576
66
754
989
539
465
774
878
860
753
110
745
823
945
192
489
223
779
5
324
819
107
720
534
214
436
33
92
700
201
611
629
698
380
996
766
498
272
810
61
165
873
119
937
614
41
410
763
87
816
656
898
460
616
627
925
78
711
716
484
132
327
236
67
852
993
369
922
225
206
675
706
244
364
353
884
182
907
247
926
791
56
938
244
799
101
107
490
631
176
782
234
762
625
994
298
722
549
828
998
362
929
874
333
628
708
560
749
739
597
960
400
393
955
203
7
312
982
782
290
240
648
655
643
254
239
259
201
107
113
241
695
150
298
960
508
273
862
595
190
220
544
996
246
578
12
236
431
720
262
235
890
985
66
656
481
423
116
783
283
503
473
988
819
288
202
920
818
705
625
572
373
712
461
926
210
361
197
973
430
977
489
511
456
932
991
292
123
793
24
757
845
931
702
804
475
43
648
795
99
405
255
270
227
122
490
638
3
39
633
470
915
503
964
868
113
643
345
783
931
389
829
121
398
17
957
871
519
609
100
560
915
458
337
796
954
106
603
769
851
397
528
124
359
670
209
776
545
945
406
848
887
787
21
133
328
319
540
168
247
721
63
245
284
438
902
487
789
233
251
398
279
163
353
143
619
540
673
173
849
947
51
732
478
409
484
180
808
907
200
61
348
513
922
317
655
556
795
70
7
418
259
986
150
707
275
263
12
846
698
959
636
307
249
494
832
76
526
839
968
194
693
151
95
626
29
300
140
46
295
68
181
585
982
558
962
3
838
721
632
229
728
754
384
747
803
536
98
801
147
197
305
13
582
366
795
574
37
658
984
808
979
458
695
598
701
149
381
825
890
474
922
727
774
892
41
820
344
387
82
838
570
407
353
946
296
308
484
351
490
911
300
304
843
577
498
429
273
486
35
209
767
668
497
504
124
679
876
929
577
732
128
984
12
506
592
905
437
846
872
288
661
23
42
694
671
281
115
582
29
932
550
149
725
357
212
840
303
889
586
589
768
698
258
120
706
478
620
958
332
962
542
172
634
17
234
228
650
350
907
767
926
669
846
558
614
474
487
365
291
517
642
949
493
385
547
14
182
566
563
412
840
846
392
598
646
859
448
893
243
148
576
821
945
143
674
469
818
50
877
543
979
778
897
554
628
645
766
366
784
836
742
139
411
238
338
584
669
579
529
299
299
528
929
883
740
745
402
487
427
686
892
409
881
361
435
363
594
122
259
107
451
993
586
156
387
27
254
429
253
648
577
821
433
989
881
814
538
756
62
499
674
268
69
556
101
929
676
19
847
525
79
950
737
440
800
454
559
92
170
826
608
608
169
995
631
87
720
873
289
532
638
622
611
942
293
366
540
868
727
359
626
165
372
180
86
595
780
80
975
398
721
218
943
942
842
154
130
85
610
638
64
942
601
411
43
330
372
498
361
291
985
186
941
740
12
709
359
452
274
460
992
342
838
414
50
202
818
326
526
869
352
178
706
60
707
310
708
0
851
624
698
286
990
285
820
360
481
372
604
397
302
983
584
346
702
445
146
389
981
368
152
98
396
480
727
100
30
361
705
190
91
411
620
419
527
687
802
836
8
473
87
270
318
830
899
701
931
676
958
573
103
363
688
616
95
116
461
605
257
151
179
771
583
762
344
483
978
187
677
209
949
584
559
678
625
49
60
667
35
166
55
771
328
261
32
105
215
170
460
888
225
24
249
472
525
296
694
504
926
110
481
530
420
594
786
560
42
890
225
809
106
278
443
76
891
768
420
997
695
410
146
716
714
529
188
347
643
86
813
985
7
332
741
899
186
5
320
998
819
378
891
599
767
541
397
29
104
492
793
628
657
708
707
254
483
126
855
497
257
643
129
410
11
538
966
740
789
481
524
285
798
147
451
259
369
759
547
247
574
329
413
644
662
720
253
249
562
142
376
36
607
153
561
998
237
746
390
337
935
646
850
232
833
517
996
852
435
371
219
298
691
109
734
664
218
799
206
470
796
972
74
316
426
962
987
700
94
72
965
618
127
129
358
739
453
822
376
634
358
61
20
829
348
486
519
179
542
178
958
397
626
535
651
392
753
308
951
450
953
743
608
182
548
868
494
600
777
993
500
640
347
621
672
938
920
80
209
718
570
383
765
160
140
979
614
743
15
312
627
668
252
368
687
583
198
650
112
576
678
382
896
536
623
58
103
805
495
867
540
248
209
915
900
723
352
631
961
244
339
210
31
11
847
453
773
868
272
917
753
699
201
845
516
709
866
958
784
563
346
824
410
834
852
165
49
330
751
207
112
383
130
839
484
373
612
168
625
350
799
806
163
842
225
68
789
617
908
93
311
428
663
816
3
549
135
594
964
187
86
261
84
732
888
370
319
135
296
360
437
647
525
454
71
532
380
150
930
375
685
282
249
74
531
744
148
626
946
149
358
405
409
891
926
665
282
299
851
667
625
827
332
960
43
539
215
9
210
428
493
611
429
502
212
256
152
928
945
869
681
941
60
184
361
695
400
331
469
676
582
82
650
827
104
610
182
84
613
543
591
560
179
549
116
251
206
690
329
756
630
308
759
166
410
256
717
972
909
873
667
595
664
230
355
850
209
815
637
502
88
999
393
850
889
364
161
152
209
177
189
574
693
109
373
277
908
569
173
177
680
893
975
927
614
956
506
630
14
726
855
892
45
647
397
831
32
770
366
819
17
980
163
824
246
727
505
408
119
230
386
627
192
177
447
306
275
597
754
417
283
706
166
591
493
225
459
91
81
868
115
966
322
448
213
440
645
319
182
47
815
691
264
452
861
665
409
364
25
733
992
489
924
866
171
968
320
257
926
354
375
239
820
766
53
893
307
487
350
395
986
959
380
187
510
801
966
667
33
217
242
191
949
920
985
845
372
475
817
613
302
809
178
288
619
461
966
717
153
52
52
729
811
355
458
425
405
297
833
333
160
202
15
292
50
599
890
842
59
944
454
322
157
687
986
844
322
225
473
788
169
390
35
516
874
323
850
524
855
738
263
378
366
856
105
356
517
492
938
899
439
132
904
639
302
94
77
997
604
272
738
64
716
310
799
778
971
491
667
201
675
56
216
44
289
159
158
449
717
162
44
432
25
522
313
354
196
85
322
200
456
218
5
470
571
821
922
22
989
960
726
211
133
515
738
327
196
16
169
386
770
536
733
16
269
371
833
359
612
999
239
606
879
689
193
25
659
20
185
147
664
466
203
36
741
170
144
442
808
991
186
983
401
917
381
413
440
6
389
460
557
33
298
671
829
185
727
216
28
236
935
602
586
813
529
823
289
569
447
544
367
294
284
556
39
259
713
861
767
373
705
440
432
73
477
994
416
187
629
627
78
422
707
792
465
540
542
569
143
707
43
697
961
18
765
674
171
673
538
596
815
834
581
374
450
775
69
410
348
517
850
810
35
794
87
735
631
843
885
566
779
230
634
97
93
621
629
